\begin{filecontents}{ratio.dat}
Time	Ratio
612.363182	9.428913787
600.014599	3.419952148
600.000274	1.324017803
600.000253	1.495578972
600.000213	2.370447581
359.152605	8.064638003
335.844883	2.089639132
281.073944	1.148500864
270.528253	8.192757263
138.286232	0.688643991
130.192403	0.695617493
117.589324	3.934337309
106.387996	0.54205397
105.749828	2.95993664
94.698995	2.653360395
85.587649	3.112747887
83.201551	2.363592597
82.642192	0.451922173
82.231095	0.72599959
80.170693	0.232030209
79.565364	2.82081802
74.361401	0.219427017
73.470625	2.739366876
73.463695	2.611647376
72.11493	2.752915874
70.735282	0.689598547
70.023647	1.488133624
65.35467	36.63474879
61.580455	2.220431831
58.39035	0.186906693
54.653489	51.82582041
54.589918	0.343109695
52.108521	1.896337417
48.474874	0.746119599
47.76562	0.747741534
47.350294	0.29782166
47.003379	0.296094782
42.917191	0.178588068
41.564444	0.158868242
37.319821	1.411606601
36.656215	0.203284138
35.760623	0.23111234
33.404322	0.572308476
33.34829	0.567440359
30.510726	1.850190863
28.750703	0.634359844
26.898329	135.2776079
26.46339	0.103486392
21.836349	0.415801107
14.362067	1.319941622
13.551371	0.28857078
11.080466	1.209966692
5.882599	0.294209578
5.668612	0.089169126
5.471239	3.497574946
3.714259	0.218837263
2.740094	0.820333391
2.387831	0.092402588
1.277106	0.282226572
0.931231	0.221047839
0.49118		0.090063676
0.100203	0.105313993
0.053279	0.062315713
0.040717	0.026164375
\end{filecontents}