\begin{filecontents}{q2-jena.dat}
0.217174
60
8.31382
7.74597
0.89119
0.0755169
1.12562
1.12566
54.4097
21.1297
60
3.53646
1.73171
3.29651
7.25311
0.032233
0.0415449
0.0181618
0.0150979
60
2.31591
0.768224
0.15894
0.373723
0.0233028
0.0299191
0.0497351
0.0830979
0.297627
0.0143142
2.57093
0.0165441
0.153738
60
2.34731
0.476595
14.2769
10.0907
0.023561
1.26652
1.67072
0.0437441
0.0135379
0.0198059
0.593983
0.0113881
4.15191
0.046144
5.11826
2.48972
0.220481
60
0.357937
1.06156
0.345375
0.166647
0.686007
0.311463
0.039674
0.289023
3.57811
0.0158939
0.176257
0.018827
0.223747
1.2634
0.185183
0.0176902
0.011601
0.102311
0.093492
0.0695009
0.101216
30.0554
9.75297
0.446501
0.0277221
0.138374
5.174
2.89367
0.012506
1.52617
18.0077
0.020488
0.309911
13.8996
0.0213661
0.0178449
1.19282
0.103366
0.0142472
0.0135639
2.92942
0.104241
3.13151
0.0827961
0.0339038
0.020469
0.0601299
0.0465238
0.0223949
0.0172801
0.297332
1.25023
0.206677
0.0358839
0.0131211
4.87566
0.015857
0.014297
0.880431
0.408896
0.54309
0.0298901
0.619494
0.017298
0.00894403
0.175356
0.019063
0.181025
0.170741
1.07361
0.00686789
0.0221591
0.0108881
0.0119581
0.0091629
0.014535
0.00693107
0.971318
9.22108
9.63279
6.85725
0.047354
5.76987
0.0149181
0.0782931
0.023103
0.012845
9.73194
0.037303
0.0429609
0.0308411
0.0279269
0.0476429
0.027353
0.0298429
0.0213039
0.0124459
0.00794101
0.00676608
9.78703
0.583182
0.017962
10.0426
0.702277
10.1798
10.2982
12.9683
0.0758021
0.735158
0.0520849
1.09397
0.13239
0.36331
0.010572
0.010745
0.314007
0.168805
0.179321
0.231436
0.904873
0.0169048
9.71649
0.0203681
0.027957
0.201145
7.14783
0.0260949
0.0188429
0.0206451
0.359536
0.0474651
0.0133848
0.917385
1.70801
0.0401101
0.0173929
0.263639
0.145822
0.060349
0.253384
0.025665
0.0381091
0.154391
0.0956872
0.113087
0.0944199
0.22925
5.16359
1.958
13.3132
0.025939
0.20828
2.4547
0.637227
2.67471
0.0208871
0.108673
0.922197
0.0969188
0.0162902
1.0921
0.0205979
0.0303669
0.014632
0.21352
0.0416059
0.0124629
0.0153289
0.0317888
0.012445
0.0169241
0.0100651
0.015624
0.00907397
0.0303411
0.0151019
0.01278
0.294273
0.315892
3.89289
0.023371
0.341467
0.0863051
0.128706
0.493259
0.0974989
1.16269
0.011379
0.634635
0.384543
0.0181072
0.0856159
0.587835
0.037699
0.314486
1.26452
0.160632
0.225363
0.108666
0.0245979
1.57695
0.710895
0.237962
0.0191
0.0711169
0.018249
0.0409009
3.11818
1.19609
0.0674069
0.0127711
0.0150089
6.1431
0.123699
0.800129
0.0186119
0.0145109
5.24552
0.016505
0.851927
0.222235
0.0134251
0.0516219
0.014776
0.0132799
0.0125191
0.030076
15.0521
0.654921
0.130639
0.0461719
0.476504
0.0390501
0.0358529
0.0243971
0.0920632
0.0136411
0.011219
0.0153241
0.0227349
0.0126529
0.0112131
0.00851393
0.016923
0.0204861
0.0468719
13.1622
11.4028
10.1975
0.0487101
1.29473
0.36874
0.202288
0.014528
0.0252349
0.211998
0.294968
0.0192521
0.395855
0.0151989
0.0275559
0.0238531
0.015136
0.523824
0.0168729
3.50994
0.183217
0.0400758
0.124829
0.229148
0.085475
1.49594
1.96364
0.355319
0.152165
0.0434351
0.0745609
0.217546
0.717308
12.7338
0.7709
0.044626
0.0210872
0.0185571
0.014219
0.0110278
0.0902162
0.129536
0.0277801
0.0129399
0.00908494
0.052732
0.0141151
0.014528
0.0402679
0.0105839
0.0103259
0.015578
0.596349
1.88437
0.583332
3.23678
2.23303
0.0138259
0.01264
12.8478
0.546658
0.140642
0.046896
0.799135
0.676083
0.275717
9.54801
8.1462
0.219885
0.021991
0.18177
1.51872
0.30394
0.0136249
0.00763011
0.182842
0.035131
0.0798659
0.076745
0.0320711
1.74339
0.0228131
0.0519669
0.228644
0.083988
0.217362
0.21351
0.0397432
0.044981
0.293942
0.20445
0.0222578
0.047472
0.054306
0.19862
0.0205538
0.0124869
0.0548351
0.0117249
0.012418
0.0511849
0.656905
0.30959
0.104163
0.13824
0.150811
0.396419
0.191526
0.934127
5.55918
1.53771
0.0199771
0.0238371
0.382802
0.143242
0.108851
0.0667419
0.0834348
4.67658
0.0425191
0.492648
0.318811
0.109445
\end{filecontents}