\begin{filecontents}{q3-jena.dat}
0.473541
1.10932
0.468836
60
60
34.0074
60
60
0.344094
60
0.0216892
0.0410199
60
0.15315
0.024724
46.6404
6.01068
5.95829
3.03196
21.1517
21.6791
0.669673
1.24301
0.360744
0.675955
0.94411
8.31404
1.15785
0.521595
0.210321
1.45524
0.0321641
0.368756
0.00784421
0.026649
0.107958
4.08778
0.0294909
0.292533
0.620257
0.990904
1.82419
0.0679009
12.0468
0.0358312
7.54677
14.07
0.169808
0.447656
0.0229931
0.287163
0.251055
0.0761189
3.70873
0.0428629
0.328784
0.712796
0.100603
0.0697899
0.255815
0.980301
0.0359862
1.36976
0.341684
2.42252
1.07783
0.281603
0.968068
0.206579
0.143505
1.87512
16.067
4.48937
0.00976205
0.149037
0.783614
0.0468011
1.39332
0.024364
0.259684
0.279663
0.0903411
0.0475261
0.0334558
0.082762
0.879512
0.0668409
0.132223
0.424084
1.09801
14.3158
2.38767
0.01735
0.0737629
1.25794
1.11941
0.362381
0.0982461
0.015677
14.6974
6.79452
0.147595
0.015058
0.0157089
0.0213089
0.292505
3.05483
\end{filecontents}