\begin{filecontents}{q24-jena.dat}
0.220106124
2.565765857
0.473444938
0.668299913
0.255795955
1.353600978
1.341227054
2.589128971
1.747699022
1.918911933
1.353749036
1.026416063
0.531929016
1.688478946
1.684196949
1.206412076
2.685986995
20.212955951
1.641747951
0.446408033
1.369050979
645.617254018
0.781155109
1.646178007
0.488734006
0.239703893
2.278365135
0.027102947
1.87767291
1.610532999
1.812287092
1.672171115
1.369854927
1.413532972
2.634452819
6.166736125
8.224902868
7.82586193
7.290638923
3.889640808
3.918558835
0.628279924
1.182472944
0.543636083
0.509160995
4.068701028
7.978992938
0.042888879
0.023537874
1.363775014
1.233386993
3.459767818
7.38175106
1.282326221
0.596863985
\end{filecontents}