\begin{filecontents}{q1-jena.dat}
17.2413
60
3.58173
0.763078
12.6645
13.0058
0.652116
11.4672
0.36836
60
37.7248
60
0.280192
60
16.2638
1.58522
13.0442
11.152
1.33179
0.219268
6.59428
0.643418
0.320971
1.68561
0.0764339
1.475
0.395926
2.67538
2.73679
1.10863
0.0758369
0.285294
1.38418
1.32992
2.82332
3.04846
3.79327
0.310191
1.38006
0.51321
0.294027
0.802964
0.427069
0.567855
1.52218
0.218557
2.29951
0.189625
1.89402
1.60445
0.023622
0.036294
2.04625
0.284785
0.784612
0.480398
1.49587
1.02828
0.134728
0.0456901
1.4557
0.685954
0.713722
0.075649
1.81527
0.0157368
0.179995
1.39988
1.72769
2.40825
0.373262
1.64396
15.5115
0.418131
1.14175
1.13541
0.158274
0.865948
0.0533321
1.65719
1.00605
0.297965
0.026403
0.125176
0.015111
1.39874
0.905873
0.0239818
1.10291
0.219903
1.55947
0.020206
0.209679
2.49488
1.41159
0.753567
0.0558481
0.961614
0.941627
0.145194
1.01827
0.791056
0.251489
0.066829
0.0247948
0.617365
0.336875
0.760508
5.7883
0.808608
0.0112591
0.0871639
0.283643
0.079823
0.483749
0.201081
0.369014
0.506168
0.70415
0.0620499
0.0859149
0.492613
11.0096
0.0139909
0.83579
10.5001
0.166553
10.3805
0.88417
0.940985
0.107387
0.0115941
0.00969291
1.09343
0.152338
0.0269921
0.0584049
0.740836
0.268033
0.0142331
0.460676
0.864503
0.0942209
10.525
0.840617
0.830666
10.7931
0.982136
0.408298
0.342449
0.11337
0.0103161
10.8131
10.5944
10.7119
10.4401
0.733734
0.022826
10.8343
13.3249
0.374814
0.286585
0.17849
0.00927997
0.0100031
10.7817
0.062731
0.0474558
0.488491
0.421946
1.02119
0.766543
1.63785
0.060257
0.0730209
0.082407
0.302341
0.0361061
0.202522
0.871307
0.050441
1.10965
0.0807889
1.06766
1.69251
0.017473
0.970321
1.85058
1.54422
0.769221
60
0.459189
0.25632
0.089509
0.0286541
0.288151
0.116033
0.0345762
0.0900099
0.0295472
0.982078
0.808851
0.303533
0.877705
0.455234
0.0185468
1.91628
0.859286
0.24574
0.0720921
1.56646
4.98991
0.74326
0.031507
0.029423
0.16079
0.689732
0.474062
0.752778
13.9996
0.058253
0.014576
0.160447
0.58024
0.97155
0.193586
0.879234
0.0403121
0.745226
0.699396
0.0419621
0.668557
0.132809
1.26287
0.614229
0.948431
0.98129
0.644671
0.74939
0.929829
1.01722
0.737118
0.0659781
0.0362859
0.098367
0.0152788
0.0127492
0.013731
0.0159109
0.0119078
0.14404
0.0102279
0.0691211
0.10744
8.57097
15.2444
0.581186
0.0814302
0.0188251
0.612653
0.016499
0.016434
1.63629
1.63183
0.087904
0.0650709
0.0860569
1.58515
0.189974
0.031261
1.14744
0.592223
0.58537
0.0313709
0.0141728
19.4037
0.417753
0.100513
0.420004
0.148629
0.697419
1.12287
0.024013
1.80192
0.609827
0.0160611
0.0457799
0.097681
9.10495
0.72117
0.0184948
0.00977802
0.0664041
0.276649
0.41503
0.103021
0.0186019
0.902315
0.39887
0.0848601
0.643618
0.0370369
0.61573
1.28886
0.0325649
0.260254
0.027236
0.0329521
0.116552
0.0883241
0.361462
0.090795
0.778349
0.01752
0.021054
0.146725
1.6628
0.0332608
0.0188859
0.0243471
0.0142341
0.013396
0.028357
0.737895
0.711881
0.041425
0.087893
0.623014
0.715088
0.117091
0.0548329
1.06317
0.0260251
0.020237
0.0130141
0.0120559
0.455856
0.0189071
0.125627
0.663502
0.0408258
0.0138171
0.00952601
0.00916004
0.0573471
0.76249
0.364855
0.512039
0.153765
0.554295
0.244684
0.742436
0.0220249
0.573091
0.0124691
0.0643909
12.805
0.008286
0.014683
0.289638
0.223059
0.649071
1.58381
0.201051
0.0553229
0.681853
0.342723
1.04584
1.51098
1.76734
0.068979
1.06698
0.79076
0.0431449
0.11185
0.075393
0.011378
0.027457
0.127218
1.53315
14.3895
0.930817
0.050734
4.94218
0.0630281
1.8471
1.39634
2.66711
0.619203
0.0138919
1.46041
0.0988569
0.302216
0.013289
0.015837
1.11927
0.358276
0.408231
0.101253
0.0293119
0.063777
6.71312
0.018661
0.027385
0.0814359
0.62995
0.0132999
0.0188429
0.0587199
2.24629
0.123152
0.539619
0.037998
0.0119259
0.219399
1.02766
0.768963
0.434385
0.600896
0.388256
1.69959
0.020427
0.373503
0.038965
0.0575061
0.583846
1.52387
0.681438
0.119495
0.128523
1.05039
0.0425761
0.235924
0.0246382
0.025686
0.0908861
0.496119
0.161795
0.87964
0.030935
1.14031
7.58231
0.0873599
1.08892
0.419537
1.91279
1.01226
0.72961
0.748673
0.821906
\end{filecontents}