\begin{filecontents}{q22-jena.dat}
4.29034
0.0997419
0.036762
0.0718639
6.6099
7.4444
60
0.32647
0.08392
1.7947
1.44311
0.294924
1.83434
0.020617
0.0389349
1.11123
60
0.070636
0.383942
0.014075
0.014466
0.017045
0.0136502
0.0450361
0.0345449
0.020189
0.0180562
1.54765
60
38.9637
3.033
60
0.437513
0.420481
4.37245
0.463699
0.259912
60
0.0275211
0.0266941
0.0129061
6.27176
60
0.232748
0.875854
0.0254881
0.27176
60
1.0236
0.0124609
60
4.20251
60
0.065536
0.017597
0.017215
0.015429
2.97055
0.488231
0.017159
60
0.192219
0.108539
0.0122821
0.94554
0.53222
6.50906
1.8238
60
60
0.011462
0.115634
0.022846
0.0717881
0.373413
0.719791
0.086153
1.17681
0.021626
0.017998
6.75397
0.742959
3.80614
0.32809
2.84207
0.103687
6.43834
0.253332
0.492468
9.1466
0.020483
6.06961
0.0342562
0.208767
0.0407112
0.0346649
0.0338349
0.495997
2.73983
0.326435
0.087115
0.195327
0.046572
0.017293
0.0145559
0.0814741
0.0668321
0.010813
0.0107422
0.115732
0.0544999
0.012398
0.015408
0.0168619
0.0138581
0.740497
0.127197
0.525576
1.6273
0.697754
0.0123279
60
60
60
60
16.9711
1.42796
1.95572
6.4573
0.0150809
0.0142381
0.183577
60
60
0.273556
0.119897
5.62002
0.0479822
0.141635
0.297419
0.189722
23.4662
20.5773
20.0312
0.0214121
0.0153921
0.140656
0.184758
0.019876
60
0.0400162
0.320747
0.0164649
0.0141819
0.025218
0.309288
2.05595
0.197694
\end{filecontents}