\begin{filecontents}{q5-jena.dat}
0.017792
0.0141261
0.0172489
0.0155001
0.0263031
0.0112889
0.0181448
0.010478
0.0126719
0.012697
0.00948215
0.010782
0.0145402
0.0200491
0.0111611
0.01139
0.0111229
0.00992799
0.010709
0.0121078
0.0117748
0.0185862
0.0104849
0.00934219
0.0137351
0.012948
0.0101221
0.016984
0.0193841
0.0216091
0.016928
0.018281
0.0164931
0.0123792
0.0135999
0.012234
0.012033
0.0125799
0.01317
0.011728
0.00827098
0.0135291
0.00988698
0.017597
0.0187531
0.0246451
0.015362
0.0126979
0.186699
0.186866
0.022187
0.0118849
0.0540349
0.0144639
0.0156989
0.0179679
0.0120461
0.0117929
0.010427
0.183716
0.0280058
0.0240302
0.0140359
0.013957
0.0152202
0.010865
0.0201089
0.01158
0.0133181
0.0152938
0.0110261
0.00981092
0.016567
0.0346508
0.00850701
0.204236
0.0131402
0.189262
0.020581
0.0193551
0.00970984
0.0257769
0.01547
0.011008
0.0246511
0.0163372
0.017272
0.0266318
0.012958
0.0181391
0.016789
0.01947
0.757623
0.020021
1.39803
\end{filecontents}