\begin{filecontents}{q4-jena.dat}
0.211763
0.191276
0.0161331
0.060353
0.181987
0.0309739
0.0146091
0.019779
0.011286
1.92603
0.0435369
0.012043
0.00857282
0.012872
0.00805402
0.00972795
0.0117002
0.00782609
0.010591
0.010205
0.028631
0.0211461
0.00882196
0.00779414
0.0104511
0.00665402
0.0083611
0.00797606
0.00576878
0.00717688
0.00578499
0.024786
0.00978994
0.00850201
0.00815296
0.00752401
0.00541687
0.00684404
0.00552893
0.00699901
0.0095551
0.0699499
0.00880599
0.00839281
0.00833201
0.00897694
0.00820899
0.00651789
0.00767803
0.013684
0.00834799
0.00969291
0.00734305
0.00764298
0.00662684
0.00749707
0.00622201
0.00677299
5.13917
0.0214739
0.016782
0.0165122
0.198697
0.0152929
0.0119388
0.019891
0.0259762
0.009516
0.207633
0.024229
0.0109041
0.0218699
0.00967503
0.0133259
0.0113621
0.0120459
0.015769
1.61632
0.373918
0.181597
0.012929
0.0133061
2.44028
0.015995
0.012017
0.0135999
0.00987792
0.013886
0.010232
0.008811
0.471852
0.240364
0.0399292
0.392359
0.021575
0.022315
0.0153439
0.0219982
\end{filecontents}