Reading 5420 matrices... done... 610166040 total words (5.09 bpt)
Reading mapping... done.
1;0;0
2;0;87376000000
3;0;87292000000
4;0;87684000000
5;0;87392000000
6;0;0
7;6108;216000000
8;0;87484000000
9;649;548000000
10;0;0
11;1891308;18172000000
12;174;1048000000
13;174;780000000
14;0;0
15;0;0
16;2159;2668000000
17;0;0
18;9511;1624000000
19;0;0
20;0;0
21;33857;22916000000
22;9;4560000000
23;214091;24392000000
24;0;85060000000
25;279875;24656000000
26;2128;616000000
27;0;0
28;60175;19456000000
29;0;0
30;0;113400000000
31;0;0
32;9163090;32676000000
33;1485701;736000000
34;120982;3108000000
35;0;87632000000
36;176029;21980000000
37;1043182;60352000000
38;0;85112000000
39;0;87604000000
40;0;87368000000
41;0;0
42;0;0
43;0;0
44;0;0
45;0;0
46;0;0
47;0;0
48;9907;6828000000
49;8217877;3736000000
50;14952;2796000000
51;0;0
52;5964981;60036000000
53;50949;5064000000
54;765;504000000
55;0;87420000000
56;245496;7244000000
57;245219;6840000000
58;0;0
59;134;516000000
60;0;87516000000
61;0;87584000000
62;0;0
63;27333;2224000000
64;45493;5456000000
65;1335396;824000000
66;149793;120000000
67;188;5792000000
68;1786;6632000000
69;3535;280000000
70;46559;60020000000
71;46550;60016000000
72;3;484000000
73;7;484000000
74;4469;1596000000
75;7;5200000000
76;18727;744000000
77;0;0
78;1130260;55088000000
79;6257;780000000
80;28305;4660000000
81;1910020;60020000000
82;6590;832000000
83;0;87460000000
84;0;60016000000
85;42073;37500000000
86;682;37732000000
87;537029071;85664000000
88;0;87556000000
89;0;0
90;6094;8776000000
91;23;528000000
92;8;492000000
93;71266;912000000
94;577;704000000
95;0;60016000000
96;14902117;8336000000
97;263445;13948000000
98;579761;85320000000
99;188098;9292000000
100;13643;544000000
101;15;508000000
102;1457;1744000000
103;0;0
104;4;484000000
105;102;1092000000
106;0;87560000000
107;0;0
108;0;60008000000
109;0;85044000000
110;55823;12632000000
111;96374;2860000000
112;9;492000000
113;0;0
114;103;544000000
115;3119;740000000
116;0;0
117;0;87560000000
118;536977149;85644000000
119;381;864000000
120;288;556000000
121;0;0
122;11380;1152000000
123;100;648000000
124;7741;7376000000
125;3530;656000000
126;3;536000000
127;0;87564000000
128;41583;952000000
129;179;516000000
130;324130;27580000000
131;21;492000000
132;6;500000000
133;4169196;18576000000
134;1399;512000000
135;426;1352000000
136;0;96132000000
137;24256;2104000000
138;0;95652000000
139;248032;60048000000
140;0;0
141;64;512000000
142;684;572000000
143;52573769;74624000000
144;51979765;14060000000
145;0;0
146;191742;1080000000
147;63316;6264000000
148;680;668000000
149;0;60200000000
150;0;0
151;0;0
152;2100383;60028000000
153;0;0
154;15285;5200000000
155;12544;896000000
156;7712;6836000000
157;44797;1624000000
158;0;96280000000
159;190;2072000000
160;0;87564000000
161;1869;2472000000
162;25;544000000
163;8;536000000
164;28;560000000
165;746;1596000000
166;667740;40808000000
167;41310;10584000000
168;3305;2792000000
169;2662;2064000000
170;0;87544000000
171;843;540000000
172;841;788000000
173;520;932000000
174;0;85060000000
175;0;84980000000
176;7592;660000000
177;5337;692000000
178;27950;1596000000
179;11847;884000000
180;147198;60004000000
181;0;87656000000
182;60477;4432000000
183;378;560000000
184;0;0
185;879;656000000
186;91;544000000
187;353;584000000
188;233;580000000
189;553436;7608000000
190;1835602;60640000000
191;1759441;29168000000
192;1999;3436000000
193;11;480000000
194;212;524000000
195;3389749;49132000000
196;0;87572000000
197;5;508000000
198;81;544000000
199;93;472000000
200;290;584000000
201;0;0
202;0;0
203;1253563;60016000000
204;60028;20164000000
205;0;60832000000
206;0;61136000000
207;501;88000000
208;46;496000000
209;0;95984000000
210;0;95956000000
211;0;96128000000
212;0;96084000000
213;0;96116000000
214;6447;4652000000
215;235486;60184000000
216;1;508000000
217;1;484000000
218;79;612000000
219;195742;17468000000
220;6;480000000
221;0;0
222;574358;340000000
223;208779;8500000000
224;109;1772000000
225;7;1924000000
226;35;4224000000
227;5;696000000
228;1;712000000
229;2882264;39024000000
230;614;1360000000
231;121992;8752000000
232;433384;9036000000
233;1574;720000000
234;4924;620000000
235;81;728000000
236;0;87628000000
237;6471072;60036000000
238;2865683;38164000000
239;31370;1484000000
240;258332;2680000000
241;108939;60056000000
242;2109464;9024000000
243;12;544000000
244;2861;496000000
245;731;504000000
246;115;12000000
247;4938341;50044000000
248;1863;788000000
249;6;496000000
250;1;496000000
251;438811;57440000000
252;129650;7612000000
253;0;60020000000
254;740977;51116000000
255;13951;60536000000
256;180281;108000000
257;6;488000000
258;6;500000000
259;6204;7808000000
260;582496;19876000000
261;570836;22544000000
262;582398;35928000000
263;23053;8496000000
264;0;0
265;0;0
266;0;0
267;0;0
268;134;5480000000
269;0;0
270;0;0
271;126;532000000
272;306;660000000
273;0;85068000000
274;1378;2684000000
275;0;85240000000
276;82092;8600000000
277;18964;2672000000
278;13496;15400000000
279;0;87508000000
280;204;872000000
281;244;520000000
282;13;480000000
283;5953;168000000
284;222294;7196000000
285;28281;2184000000
286;0;85224000000
287;2097576;60016000000
288;15127;4908000000
289;0;0
290;0;0
291;0;0
292;0;0
293;0;0
294;0;96168000000
295;0;0
296;0;0
297;0;0
298;0;0
299;6965921;39096000000
300;0;96212000000
301;592;512000000
302;925;5460000000
303;0;0
304;19972;128000000
305;43307;220000000
306;0;87600000000
307;26215;8996000000
308;23937;1196000000
309;18;564000000
310;682;544000000
311;1965;388000000
312;2162;1060000000
313;0;504000000
314;16;788000000
315;1;516000000
316;1;520000000
317;472616;60008000000
318;0;0
319;2279;1568000000
320;0;0
321;0;0
322;0;0
323;6;496000000
324;0;0
325;319881;9888000000
326;4;12000000
327;1084;2032000000
328;0;0
329;13795;15852000000
330;10072;3380000000
331;369;784000000
332;85488;2852000000
333;6;496000000
334;4;504000000
335;800;1992000000
336;1290096;60320000000
337;1;4428000000
338;15979;15904000000
339;10425;2840000000
340;0;60012000000
341;792;1736000000
342;536870912;86044000000
343;3635;572000000
344;344;60496000000
345;14;500000000
346;3700037;61156000000
347;0;0
348;363273;60128000000
349;39186;4040000000
350;211;604000000
351;20591;1864000000
352;475200;10308000000
353;0;87652000000
354;3;536000000
355;4;500000000
356;267;844000000
357;34;528000000
358;21324526;13260000000
359;0;85480000000
360;18090704;15160000000
361;323;4612000000
362;162281;60004000000
363;0;88000000000
364;2957;380000000
365;1;504000000
366;22961;8652000000
367;1513;1440000000
368;1750;2320000000
369;559996;16020000000
370;34282;15552000000
371;0;85632000000
372;0;87628000000
373;2;496000000
374;589;1228000000
375;256728;25508000000
376;220;1356000000
377;47834;1748000000
378;369;544000000
379;68013;1320000000
380;933;700000000
381;199974;1884000000
382;3254;792000000
383;6;488000000
384;13;528000000
385;49;4652000000
386;357296;56160000000
387;0;0
388;0;0
389;0;71424000000
390;0;0
391;0;0
392;0;0
393;0;0
394;0;0
395;0;0
396;1;492000000
397;0;83936000000
398;0;87560000000
399;34281;9940000000
400;7776;656000000
401;5;516000000
402;5;472000000
403;0;87624000000
404;0;988000000
405;33451;23088000000
406;12277;1928000000
407;0;63452000000
408;44298;60024000000
409;1669;3344000000
410;37824;928000000
411;16474;6916000000
412;347;716000000
413;0;0
414;0;0
415;1314866;60484000000
416;524968;2288000000
417;2415;2716000000
418;36;28000000
419;1648020;900000000
420;23;508000000
421;65;548000000
422;0;0
423;220;876000000
424;0;0
425;12465;648000000
426;0;71508000000
427;0;71508000000
428;0;60008000000
429;22810;12984000000
430;10279;4412000000
431;0;0
432;11847;676000000
433;2034862;28572000000
434;110136;1836000000
435;1659373;19084000000
436;346760;10896000000
437;19081280;13524000000
438;38588;20804000000
439;1759790;60376000000
440;1524370;60580000000
441;541;900000000
442;1248464;780000000
443;44667;960000000
444;5530;2756000000
445;5184;4612000000
446;2132;2004000000
447;0;0
448;0;0
449;5408;5384000000
450;2172;2044000000
451;5531;4748000000
452;0;267156000000
453;0;163820000000
454;5407;4564000000
455;2171;1384000000
456;2365;2204000000
457;2904;2500000000
458;14;604000000
459;13;616000000
460;0;0
461;0;0
462;0;163060000000
463;0;267296000000
464;0;267152000000
465;0;163548000000
466;647450;256000000
467;4692051;27400000000
468;62;716000000
469;61;136000000
470;6624;3752000000
471;37398;2116000000
472;24970;2684000000
473;525037;23796000000
474;547031586;87024000000
475;346760;10648000000
476;0;87784000000
477;0;87684000000
478;0;0
479;8904;3920000000
480;0;0
481;1360085;60376000000
482;4;488000000
483;0;0
484;0;0
485;512;1212000000
486;117;792000000
487;92;692000000
488;29;564000000
489;12;492000000
490;667;980000000
491;1570;1468000000
492;10668;4900000000
493;46568;60016000000
494;7097;8448000000
495;738462;4340000000
496;738462;3580000000
497;73;440000000
498;7504;6288000000
499;98041;4644000000
500;26376;2580000000
501;12309;528000000
502;0;60016000000
503;1;528000000
504;1;496000000
505;0;86296000000
506;2109463;6124000000
507;1;508000000
508;0;0
509;0;0
510;5;520000000
511;0;96184000000
512;1;3852000000
513;26743;28184000000
514;2058;26384000000
515;1072;26112000000
516;7503;3440000000
517;0;77188000000
518;689863;59840000000
519;322;524000000
520;97408;6896000000
521;2537;1520000000
522;6;500000000
523;0;0
524;0;0
525;0;0
526;0;0
527;138;804000000
528;0;87560000000
529;3;508000000
530;1427;548000000
531;23;588000000
532;43954;60016000000
533;1;488000000
534;0;0
535;3448;664000000
536;126;488000000
537;500;544000000
538;906;1944000000
539;0;0
540;0;0
541;5561;608000000
542;1;500000000
543;4;496000000
544;1307659;60360000000
545;0;0
546;50153456;71480000000
547;0;87676000000
548;0;85260000000
549;45374;1652000000
550;0;0
551;16;472000000
552;843865;22052000000
553;6804;2572000000
554;232409;5672000000
555;0;87620000000
556;4;476000000
557;5;492000000
558;210707;888000000
559;0;87632000000
560;0;16728000000
561;0;17544000000
562;0;0
563;0;87760000000
564;0;0
565;0;0
566;6;0
567;1257224;880000000
568;0;0
569;1272;1800000000
570;411203;60008000000
571;259160;60004000000
572;198033;60004000000
573;277098;60008000000
574;20;10408000000
575;19;8524000000
576;18;8500000000
577;17;8540000000
578;0;86916000000
579;0;111004000000
580;57438;13944000000
581;1;1904000000
582;524;4016000000
583;0;1000000000
584;23013;8060000000
585;37731;1328000000
586;0;0
587;160279;10856000000
588;449;560000000
589;14313;58868000000
590;1092826;60392000000
591;14313;59876000000
592;3217;17772000000
593;689909;34996000000
594;90;1612000000
595;0;96268000000
596;574358;356000000
597;2787;60548000000
598;537425432;85880000000
599;41163;896000000
600;0;87760000000
601;0;0
602;0;85216000000
603;142545;11088000000
604;142546;18824000000
605;6;508000000
606;6;520000000
607;1;516000000
608;142545;23992000000
609;35;580000000
610;7;512000000
611;0;0
612;373;716000000
613;16;560000000
614;36;644000000
615;1135;3060000000
616;667968;17240000000
617;0;0
618;0;163112000000
619;0;163392000000
620;0;163340000000
621;0;163676000000
622;0;163788000000
623;0;163436000000
624;0;163304000000
625;0;163900000000
626;0;163272000000
627;0;163416000000
628;0;163936000000
629;0;163564000000
630;0;163628000000
631;0;163556000000
632;0;163732000000
633;0;163560000000
634;0;164144000000
635;0;163660000000
636;0;163800000000
637;0;163900000000
638;0;163836000000
639;0;163872000000
640;0;163620000000
641;0;163824000000
642;0;164156000000
643;0;164280000000
644;0;164516000000
645;0;164432000000
646;84484;4052000000
647;536904882;25184000000
648;0;0
649;0;96688000000
650;0;96584000000
651;0;96428000000
652;0;96772000000
653;0;96640000000
654;0;96580000000
655;0;112488000000
656;0;112776000000
657;2487;1180000000
658;12687;908000000
659;3109;3304000000
660;0;0
661;894;1732000000
662;0;86356000000
663;0;86012000000
664;0;86316000000
665;0;86128000000
666;0;86092000000
667;0;88204000000
668;0;88068000000
669;0;0
670;13;60584000000
671;37629;4768000000
672;2636636;1920000000
673;0;0
674;57129;1916000000
675;536941264;85856000000
676;0;0
677;0;0
678;14568;1540000000
679;5011;2532000000
680;629962;51412000000
681;632654;52912000000
682;0;96452000000
683;538515131;86288000000
684;6;524000000
685;1;452000000
686;0;0
687;375;544000000
688;0;0
689;0;0
690;0;0
691;537120532;86148000000
692;4;492000000
693;47792;13984000000
694;7498;1192000000
695;17;612000000
696;16263;412000000
697;1260;1928000000
698;15409;3488000000
699;1;540000000
700;2;588000000
701;346;640000000
702;0;206608000000
703;0;87240000000
704;154141;5724000000
705;23121;1588000000
706;0;0
707;0;0
708;21547;1124000000
709;18274;2616000000
710;14035;2516000000
711;4710;716000000
712;4097307;60968000000
713;967;628000000
714;0;86116000000
715;67626;60024000000
716;1;492000000
717;121;176000000
718;57;768000000
719;178;1024000000
720;0;87996000000
721;3885;26236000000
722;1872;1428000000
723;1510;2360000000
724;543;1392000000
725;109337;8964000000
726;0;0
727;0;0
728;1335396;840000000
729;0;0
730;0;0
731;22;596000000
732;0;0
733;199;1100000000
734;4605;3876000000
735;1285;2268000000
736;1034;608000000
737;128;60532000000
738;52165474;73808000000
739;9;8000000
740;20054;5928000000
741;412235;52196000000
742;92933;10276000000
743;0;87816000000
744;0;60692000000
745;585311;28564000000
746;578360;28780000000
747;0;0
748;3676;3548000000
749;860;1588000000
750;175;568000000
751;793;692000000
752;14409;59412000000
753;14313;58980000000
754;14317;60008000000
755;14233;60008000000
756;1193;2540000000
757;1265;3228000000
758;1771;2712000000
759;32600;2024000000
760;30;552000000
761;1;4928000000
762;1;5632000000
763;0;85540000000
764;317;844000000
765;13171;8796000000
766;2684;612000000
767;0;0
768;0;0
769;0;88188000000
770;95336;116000000
771;48;548000000
772;756;14380000000
773;1497;37924000000
774;539933970;26412000000
775;2889812;1648000000
776;0;0
777;38612;7948000000
778;2;500000000
779;0;85780000000
780;3022;912000000
781;22113;1120000000
782;918;536000000
783;234;676000000
784;8;620000000
785;0;87944000000
786;0;88024000000
787;1014;2164000000
788;0;0
789;18753481;60076000000
790;2383;4548000000
791;14288;60008000000
792;14221;60008000000
793;420;1588000000
794;309361;60004000000
795;0;0
796;1220;528000000
797;27496;25264000000
798;24908;16696000000
799;2523357;48384000000
800;3066;1700000000
801;58;584000000
802;0;520000000
803;41422;10876000000
804;71212;1936000000
805;16;548000000
806;2113;1060000000
807;1;500000000
808;7933;9860000000
809;27681;708000000
810;2112;732000000
811;15155;2668000000
812;11623;5064000000
813;0;0
814;0;0
815;42506;4572000000
816;96;492000000
817;16299;1636000000
818;0;0
819;0;0
820;8;496000000
821;0;0
822;1265;504000000
823;0;87848000000
824;1402616;60012000000
825;973176;60008000000
826;11314208;69836000000
827;42475;1060000000
828;34853;1448000000
829;2643;2688000000
830;0;0
831;73;484000000
832;34;464000000
833;1;480000000
834;302;1180000000
835;16989;4000000000
836;0;121672000000
837;99412;5904000000
838;638451;24348000000
839;18240;9664000000
840;0;0
841;0;85884000000
842;4;520000000
843;0;0
844;0;0
845;44533;1128000000
846;198931;7552000000
847;0;0
848;360;864000000
849;638855;7532000000
850;86816;2360000000
851;10195;1180000000
852;0;96524000000
853;1;512000000
854;6046;1564000000
855;0;0
856;125807;60004000000
857;5362;5396000000
858;5361;6984000000
859;17281306;5684000000
860;0;0
861;212028;6032000000
862;35092;20056000000
863;13144;2504000000
864;13143;1200000000
865;1622;548000000
866;1655034;60012000000
867;344;37740000000
868;4153;3496000000
869;0;0
870;0;60552000000
871;156474010;38960000000
872;20;676000000
873;0;0
874;1563;960000000
875;0;0
876;49563025;11384000000
877;51725092;72140000000
878;8680;1364000000
879;0;60008000000
880;70;524000000
881;5;492000000
882;280;504000000
883;240234;10528000000
884;0;0
885;3817;1460000000
886;0;0
887;35092;30468000000
888;0;0
889;67586;2944000000
890;0;87812000000
891;67585;2228000000
892;6811;1128000000
893;107312;1572000000
894;8391;18304000000
895;0;1228000000
896;231;700000000
897;524;928000000
898;744;524000000
899;0;0
900;19152;5188000000
901;46968;932000000
902;5749;24828000000
903;536;4912000000
904;379;444000000
905;6805;4356000000
906;5548;3208000000
907;5032;3008000000
908;36;44000000
909;6;48588000000
910;8;48796000000
911;311;440000000
912;0;0
913;171940;25692000000
914;5405;692000000
915;2578294;60016000000
916;4184729;3960000000
917;0;0
918;301;396000000
919;226;816000000
920;0;0
921;0;0
922;0;0
923;260512;5128000000
924;2383;3448000000
925;212029;13320000000
926;0;0
927;1823;2536000000
928;28841;2480000000
929;0;4000000
930;21200940;12376000000
931;7332;924000000
932;6805;8752000000
933;0;85276000000
934;35878;2420000000
935;538895259;25692000000
936;35937;2988000000
937;0;85176000000
938;0;0
939;0;84984000000
940;1;2000000000
941;75728;2000000000
942;19954;2436000000
943;121585;2016000000
944;110430;5820000000
945;2460;101144000000
946;307859;2576000000
947;10779;2748000000
948;42092;9716000000
949;586387136;36668000000
950;0;96544000000
951;5361;5992000000
952;4;528000000
953;0;169928000000
954;3241373;60032000000
955;1;464000000
