1;50572093;11916000000
2;2796799;60032000000
3;6237;6988000000
4;2030948;60016000000
5;1;468000000
6;356747;47224000000
7;538228713;86052000000
8;2614;3052000000
9;4165;3876000000
10;1788949;27652000000
11;149793;120000000
12;188;792000000
13;34640;18212000000
14;272860;6092000000
15;297;6592000000
16;160;4912000000
17;17;544000000
18;469;1948000000
19;26278;884000000
20;8456;1068000000
21;1446220;60308000000
22;1;476000000
23;661;2140000000
24;12939;1964000000
25;35303;15368000000
26;37445;2964000000
27;35302;9672000000
28;2864181;60640000000
29;18620;11684000000
30;177;536000000
31;587756005;95792000000
32;130444;22964000000
33;742103;27896000000
34;2538;3280000000
35;40453;2264000000
36;1738;2876000000
37;0;0
38;539107177;84980000000
39;0;0
40;0;0
41;4206668;60024000000
42;590522;8780000000
43;0;84864000000
44;3216982;60020000000
45;4174;3432000000
46;0;84932000000
47;1405;300000000
48;1627;1344000000
49;440579;10224000000
50;11387;7644000000
51;240;680000000
52;31;544000000
53;795680;18616000000
54;0;0
55;50949;4988000000
56;50572093;11772000000
57;0;120936000000
58;0;0
59;587691035;162516000000
60;0;0
61;0;0
62;0;61156000000
63;0;0
64;0;0
65;190233;6696000000
66;0;492000000
67;8408;7300000000
68;703553434;104632000000
69;187322;4068000000
70;156659;11688000000
71;206934;42892000000
72;163270;13520000000
73;129;760000000
74;4;492000000
75;1;504000000
76;247463;4408000000
77;0;60268000000
78;144269;11692000000
79;0;0
80;0;0
81;7184;5640000000
82;9987;792000000
83;3630;3616000000
84;51210;2944000000
85;4691840;61096000000
86;38047;60024000000
87;0;87524000000
88;3;484000000
89;413;1580000000
90;4701;2292000000
91;40;620000000
92;76;740000000
93;4;516000000
94;6;520000000
95;245;2316000000
96;538118339;85508000000
97;1116125;17620000000
98;1456307;60336000000
99;3;480000000
100;230;4328000000
101;13;520000000
102;82148468;46124000000
103;4692464;52748000000
104;517;1376000000
105;2994160;60464000000
106;1380014;34992000000
107;293233;8124000000
108;2818;4440000000
109;93;884000000
110;4940574;52100000000
111;319;672000000
112;544413845;87548000000
113;0;0
114;0;0
115;0;0
116;50728;60020000000
117;0;0
118;1;484000000
119;209809;96000000
120;0;0
121;437999;10804000000
122;0;0
123;11713;1072000000
124;7882827;63568000000
125;455640;12148000000
126;3411;1944000000
127;12309;548000000
128;299486;5740000000
129;1157810;580000000
130;2861;584000000
131;57199;8528000000
132;2360;968000000
133;0;0
134;4692051;21708000000
135;5035;2244000000
136;15813;8816000000
137;3361;1008000000
138;528324;11792000000
139;488345;38704000000
140;337115;17356000000
141;376;1556000000
142;737865;60112000000
143;1744;2060000000
144;587443003;103176000000
145;20422;11116000000
146;51010;60020000000
147;156562;1736000000
148;42475;1140000000
149;0;0
150;1211;964000000
151;8;516000000
152;296;856000000
153;27686;7592000000
154;159;500000000
155;20704;4164000000
156;0;0
157;5;508000000
158;44943;5100000000
159;38964;9100000000
160;14837;4364000000
161;1863;848000000
162;2204137;60020000000
163;359864;14944000000
164;18979;1528000000
165;412236;41000000000
166;0;492000000
167;9433;2368000000
168;13724;1420000000
169;13489;880000000
170;840904;60216000000
171;409;896000000
172;0;0
173;0;85600000000
174;0;0
175;13047;4012000000
176;0;60108000000
177;0;60100000000
178;0;60100000000
179;0;96016000000
180;10600;1464000000
181;8010;4576000000
182;4304;2956000000
183;2076413;23192000000
184;12278;12000000000
185;578301;15492000000
186;521;336000000
187;578298;15732000000
188;1743;1548000000
189;12530;788000000
190;0;61380000000
191;1485389;60748000000
192;380;1180000000
193;838216;5968000000
194;3466780;60016000000
195;15440;1216000000
196;953843;5060000000
197;0;0
198;13981;1468000000
199;6114;4152000000
200;368;712000000
201;0;87368000000
202;116682;4680000000
203;60;576000000
204;5589233;60032000000
205;211701;3736000000
206;2468;2436000000
207;71907;11156000000
208;0;0
209;2467;1488000000
210;217;1248000000
211;8030;6192000000
212;268;916000000
213;5146;2480000000
214;421927;10612000000
215;18241;6836000000
216;3459;3152000000
217;22;548000000
218;9;504000000
219;2177;3884000000
220;25;492000000
221;510;584000000
222;0;492000000
223;0;480000000
224;4776;2552000000
225;0;4000000
226;264720;5412000000
227;330;216000000
228;1159;1064000000
229;15269;1444000000
230;0;0
231;0;0
232;0;0
233;0;0
234;54;592000000
235;712;1992000000
236;195;6120000000
237;1724149;26056000000
238;0;0
239;18270;2168000000
240;0;0
241;363612;3444000000
242;2728;3016000000
243;98055;2076000000
244;169172;17096000000
245;5276;3336000000
246;504;784000000
247;81536;4528000000
248;331748;11064000000
249;63529;3236000000
250;40536;2560000000
251;772265;21812000000
252;29564;5000000000
253;57;580000000
254;1287934;5096000000
255;22622;644000000
256;0;139940000000
257;0;488000000
258;0;816000000
259;0;468000000
260;0;496000000
261;0;492000000
262;35942;10464000000
263;34;624000000
264;3792;2076000000
265;677;1156000000
266;679;36464000000
267;312;36800000000
268;0;0
269;7595;1804000000
270;641298;60156000000
271;128525;2900000000
272;29620;2132000000
273;0;0
274;63;12580000000
275;893635;60224000000
276;87962;4372000000
277;111390;19400000000
278;2104539;60020000000
279;407;1944000000
280;37571;11800000000
281;644829;40812000000
282;539697168;86056000000
283;1090;1004000000
284;540695103;86940000000
285;19081282;40980000000
286;100624;5528000000
287;613238;18200000000
288;5713;1688000000
289;909856;4112000000
290;412235;28668000000
291;110522;18660000000
292;1467;1296000000
293;21;556000000
294;538313088;84916000000
295;546526185;203356000000
296;35943;7788000000
297;356746;35980000000
298;546526195;117404000000
299;0;0
300;88042;6552000000
301;5703739;60028000000
302;0;85012000000
303;0;0
304;7884417;63568000000
305;1042550;552000000
306;234587;5796000000
307;412296;29036000000
308;525636;19940000000
309;525635;3200000000
310;8041;1012000000
311;1157810;576000000
312;839938;60428000000
313;1;500000000
314;0;0
315;586648344;95660000000
316;347;6360000000
317;569514;22280000000
318;0;0
319;0;0
320;0;0
321;13029725;60044000000
322;1;472000000
323;290;604000000
324;268;888000000
325;0;0
326;0;96084000000
327;92611;10928000000
328;4164;4716000000
329;21;680000000
330;82;24000000
331;0;0
332;0;504000000
333;613392;576000000
334;50949;22648000000
335;848022;15912000000
336;44;580000000
337;530438;12084000000
338;0;0
339;0;0
340;0;0
341;0;0
342;0;0
343;0;60392000000
344;850776;13392000000
345;27;580000000
346;57;668000000
347;221404;32376000000
348;5729;4312000000
349;2475500;44608000000
350;156660;22128000000
351;4314;4224000000
352;0;85072000000
353;0;85004000000
354;1112;1940000000
355;0;0
356;4733;912000000
357;99;492000000
358;0;95436000000
359;26;528000000
360;44;560000000
361;3696090;61144000000
362;4422;4836000000
363;46886;948000000
364;0;85048000000
365;211;728000000
366;4693110;58160000000
367;5568;38340000000
368;7507;672000000
369;0;0
370;0;0
371;0;0
372;0;0
373;0;0
374;3180857;61768000000
375;0;0
376;0;0
377;0;0
378;0;496000000
379;0;0
380;995;1568000000
381;82712;7264000000
382;147;608000000
383;2224;2672000000
384;1802;1012000000
385;497;800000000
386;295;732000000
387;4709184;45288000000
388;5282211;60036000000
389;14425;912000000
390;106609;68000000
391;365678;15968000000
392;829360;57348000000
393;2;4548000000
394;14747;8572000000
395;41423;8460000000
396;20634;656000000
397;27029994;26400000000
398;47;600000000
399;256677;5272000000
400;254;1092000000
401;4245722;61088000000
402;0;95932000000
403;0;87996000000
404;0;87960000000
405;0;87980000000
406;0;88104000000
407;0;88132000000
408;0;88092000000
409;0;88152000000
410;6;496000000
411;386533;30740000000
412;0;87700000000
413;13;568000000
414;53;544000000
415;18799770;60080000000
416;0;0
417;536929024;86116000000
418;537495763;84732000000
419;0;78484000000
420;0;84792000000
421;41071;14748000000
422;205017;8536000000
423;135998;3276000000
424;3092;832000000
425;201855;60008000000
426;4169196;14612000000
427;121411;2088000000
428;3689627;61148000000
429;3771;1976000000
430;39163;800000000
431;1342347;60016000000
432;7327;556000000
433;9;492000000
434;536872719;24568000000
435;889;2108000000
436;38612;3316000000
437;0;0
438;95356;3448000000
439;0;0
440;905;2044000000
441;25442;8560000000
442;3082;1032000000
443;25441;5012000000
444;111;844000000
445;688807;10332000000
446;0;85524000000
447;310559;9380000000
448;41422;5044000000
449;22117;8572000000
450;244;972000000
451;16238;840000000
452;53488;10448000000
453;0;87900000000
454;5;484000000
455;239;1140000000
456;481;2016000000
457;9951;8024000000
458;225;500000000
459;621;504000000
460;41386;3752000000
461;22588;1920000000
462;3206377;60016000000
463;8297;656000000
464;61366;6576000000
465;18;540000000
466;402;1148000000
467;27;540000000
468;111;800000000
469;21;560000000
470;219;840000000
471;18;552000000
472;755934;11172000000
473;0;0
474;0;85220000000
475;256585;12712000000
476;47016;23628000000
477;465560;18428000000
478;8964;9808000000
479;96;548000000
480;1325127;11296000000
481;0;0
482;0;0
483;0;0
484;27005688;26304000000
485;640434;60156000000
486;538839;36668000000
487;538838;25192000000
488;54135;4988000000
489;47898;4512000000
490;0;0
491;0;71532000000
492;0;86060000000
493;106609;72000000
494;0;0
495;0;0
496;1446982;20548000000
497;139;56000000
498;2189;648000000
499;376;684000000
500;222295;15156000000
501;1042900;6064000000
502;17212;688000000
503;4685;688000000
504;17477;1140000000
505;2326;2096000000
506;451878;60016000000
507;12943;60512000000
508;12942;60060000000
509;0;0
510;6563;4708000000
511;2539057;11932000000
512;69424;5752000000
513;4;488000000
514;4097298;60796000000
515;1090;648000000
516;10515;784000000
517;66240;13476000000
518;541468081;86656000000
519;538968214;86216000000
520;7180;972000000
521;1857302;60016000000
522;938;1496000000
523;1425;4000000
524;1031036;42964000000
525;11;476000000
526;0;85436000000
527;0;85052000000
528;0;61172000000
529;0;61120000000
530;0;61164000000
531;0;61148000000
532;1383;1912000000
533;0;152832000000
534;0;152824000000
535;0;127344000000
536;0;127184000000
537;0;476000000
538;5517;972000000
539;20053;1872000000
540;2032354;60012000000
541;13641918;60088000000
542;822846;49628000000
543;86;516000000
544;215018;16528000000
545;809015;31508000000
546;5810;7736000000
547;819856;35488000000
548;165986;14624000000
549;447540;23268000000
550;5850;7868000000
551;177;984000000
552;46;480000000
553;46;524000000
554;466096;1644000000
555;99516;3156000000
556;233608;6324000000
557;1381;1468000000
558;0;0
559;8754;1764000000
560;829284;50948000000
561;1468;1328000000
562;1672;2948000000
563;36;548000000
564;45;6052000000
565;18240;4960000000
566;855;944000000
567;793;1080000000
568;1828;1452000000
569;749;940000000
570;984;1232000000
571;446;888000000
572;289500;5020000000
573;2831;1468000000
574;79893;1864000000
575;5066;26960000000
576;14648;1912000000
577;30;20000000
578;45;672000000
579;25831;744000000
580;482025;14788000000
581;2820;4668000000
582;0;60280000000
583;3538702;60028000000
584;810813;32876000000
585;138961;13792000000
586;0;456000000
587;543192;60008000000
588;1131934;56116000000
589;3293642;60024000000
590;447708;23328000000
591;977469;32248000000
592;20365;5012000000
593;15354;1068000000
594;0;60184000000
595;0;492000000
596;136415;13632000000
597;1398244;53984000000
598;550363;60016000000
599;16103;12496000000
600;409634;60004000000
601;6970044;39936000000
602;484785;60004000000
603;23040;1152000000
604;6190;1552000000
605;1213129;38596000000
606;533610;60012000000
607;18;732000000
608;164;892000000
609;13;524000000
610;30;592000000
611;3366299;51212000000
612;0;524000000
613;819856;35920000000
614;819861;36064000000
615;559997;12404000000
616;1189994;6888000000
617;822851;49588000000
618;13107155;60072000000
619;795680;19016000000
620;0;0
621;0;0
622;0;0
623;0;496000000
624;27436;1268000000
625;888;1100000000
626;254;664000000
627;346814;11084000000
628;608;932000000
629;822846;49720000000
630;0;0
631;766339;10872000000
632;0;0
633;7439;9404000000
634;578299;23976000000
635;38003;16940000000
636;582322;36156000000
637;601379;25960000000
638;594069;7516000000
639;18875;676000000
640;4125;2316000000
641;36935;2068000000
642;2531;732000000
643;901;524000000
644;4692285;30004000000
645;52095;16256000000
646;0;0
647;11759;1004000000
648;34;576000000
649;1456;2280000000
650;18645;7740000000
651;1;492000000
652;16;1684000000
653;16141481;60100000000
654;819869;35892000000
655;6970044;39572000000
656;1898199;60224000000
657;3179;1820000000
658;205;2392000000
659;15868336;60092000000
660;14401;60008000000
661;14306;60012000000
662;588;520000000
663;384160;1320000000
664;5454;620000000
665;33505;4268000000
666;10361;25796000000
667;33002;2120000000
668;3;4456000000
669;1287864;35784000000
670;6852;6220000000
671;14591;3216000000
672;0;0
673;16641;15268000000
674;9456;3540000000
675;544130262;27956000000
676;0;0
677;221403;26628000000
678;80;132000000
679;539103903;85276000000
680;9457;5180000000
681;3;500000000
682;18623;4504000000
683;56243;4308000000
684;440580;21108000000
685;0;0
686;0;0
687;383;904000000
688;1960650;27940000000
689;81877;4564000000
690;5636102;60028000000
691;4052292;2548000000
692;326322;9124000000
693;0;87628000000
694;1397;924000000
695;374;1588000000
696;2005;888000000
697;10940844;2644000000
698;33;572000000
699;514539;60008000000
700;301435;31100000000
701;255;1116000000
702;4591;8276000000
703;3472;556000000
704;12745;780000000
705;1;736000000
706;62;772000000
707;13787;6584000000
708;578;1192000000
709;0;85268000000
710;285;444000000
711;2329075;34104000000
712;4509;3104000000
713;2010519;1256000000
714;521573;296000000
715;1277756;2072000000
716;1100;60532000000
717;0;0
718;0;0
719;20001977;60072000000
720;0;85388000000
721;1571;2756000000
722;3;476000000
723;16485176;60060000000
724;54112586;13688000000
725;539562602;85656000000
726;9947;2424000000
727;4596658;85236000000
728;587743113;96036000000
729;4695804;61244000000
730;28485;8960000000
731;818;448000000
732;102;8000000
733;518;4000000
734;14406;872000000
735;151;24000000
736;5;4536000000
737;176030;27836000000
738;1628;2492000000
739;60165;2504000000
740;52;704000000
741;108;4028000000
742;52378;4652000000
743;537440385;84908000000
744;181;948000000
745;606;872000000
746;167;956000000
747;11844;812000000
748;11845;1864000000
749;0;0
750;200;544000000
751;1074;2032000000
752;2665;1988000000
753;0;0
754;2939;624000000
755;164077;1320000000
756;1070;1956000000
757;0;111772000000
758;0;86092000000
759;0;162152000000
760;0;136412000000
761;346275;4384000000
762;0;84628000000
763;0;84560000000
764;4224;4456000000
765;2712419;60716000000
766;4695087;61312000000
767;1088174;60328000000
768;1074;1100000000
769;328742;60140000000
770;1349810;60312000000
771;0;96140000000
772;12;616000000
773;0;0
774;0;0
775;2716840;60696000000
776;94;592000000
777;157616;8720000000
778;0;0
779;26980260;26100000000
780;26979811;26180000000
781;0;0
782;554773;328000000
783;45494;8928000000
784;511921;6480000000
785;5163535;2484000000
786;4964508;3736000000
787;894571;59688000000
788;0;0
789;535515;34348000000
790;0;0
791;303191;3788000000
792;0;96312000000
793;530438;12168000000
794;447;1584000000
795;0;0
796;134802;2092000000
797;0;60004000000
798;58;572000000
799;4692384;61304000000
800;263562;38776000000
801;263446;2600000000
802;2379;3136000000
803;1933;2380000000
804;926;1192000000
805;0;0
806;0;0
807;22;520000000
808;37328;9744000000
809;120495;11612000000
810;801683;836000000
811;1175;544000000
812;120496;15608000000
813;93766;16696000000
814;2727;1684000000
815;8660;3764000000
816;0;85208000000
817;559996;7628000000
818;1073;964000000
819;557136;5444000000
820;594068;3276000000
821;0;85244000000
822;39981;5564000000
823;638855;9416000000
824;38599;5088000000
825;0;1212000000
826;0;96192000000
827;0;96296000000
828;0;95760000000
829;6884;736000000
830;9788;3564000000
831;1173;524000000
832;23792;4372000000
833;214069;18908000000
834;614;1372000000
835;28484;6852000000
836;588;432000000
837;17340;6572000000
838;353344;60004000000
839;732618;60012000000
840;0;0
841;53;28000000
842;587443003;103840000000
843;0;0
844;0;0
845;1818;1644000000
846;328;588000000
847;374710;3552000000
848;56513;2216000000
849;1172;2840000000
850;2188;1084000000
851;424579;7812000000
852;247047;2980000000
853;0;0
854;0;0
855;0;85148000000
856;181;476000000
857;0;111060000000
858;0;0
859;0;111092000000
860;0;0
861;537131926;85168000000
862;9856;6840000000
863;9855;3836000000
864;0;85000000000
865;31;4000000
866;0;0
867;462;1124000000
868;39;1552000000
869;509441;22172000000
870;4691839;14548000000
871;168118;4316000000
872;12499;1600000000
873;3410;1256000000
874;312;7840000000
875;17116;8164000000
876;2732;628000000
877;0;60096000000
878;97627;2420000000
879;209767;39968000000
880;344;412000000
881;15812;6596000000
882;18949;7956000000
883;6751;6032000000
884;4164;2588000000
885;441523;3144000000
886;221403;38272000000
887;0;136680000000
888;36494;17516000000
889;0;85444000000
890;43440;2580000000
891;35;4296000000
892;1476281;60696000000
893;1876079;1764000000
894;13788;8132000000
895;75;752000000
896;177;1040000000
897;1;492000000
898;1582581;21124000000
899;0;4000000
900;373;2024000000
901;0;85488000000
902;14971;3636000000
903;5315;4496000000
904;239574;1752000000
905;16826;596000000
906;482081;6256000000
907;12597;3452000000
908;0;60188000000
909;0;87752000000
910;1387;1028000000
911;0;85252000000
912;0;0
913;3119;1036000000
914;0;87820000000
915;57198;5144000000
916;5;488000000
917;274;1292000000
918;206;936000000
919;27889;4760000000
920;6;488000000
921;4;516000000
922;983;1072000000
923;6;500000000
924;6;512000000
925;5;492000000
926;4;520000000
927;305;1316000000
928;7;520000000
929;0;85144000000
930;116;604000000
931;5;472000000
932;4;472000000
933;6;516000000
934;7;492000000
935;6;476000000
936;4;488000000
937;0;85212000000
938;0;85288000000
939;6;484000000
940;5;480000000
941;7;484000000
942;7;496000000
943;405;716000000
944;6;472000000
945;6;512000000
946;4;528000000
947;7;488000000
948;108;552000000
949;380;676000000
950;7;496000000
951;5;500000000
952;32;492000000
953;7;512000000
954;6;484000000
955;4;484000000
956;7;492000000
957;7;464000000
958;1041;876000000
959;4;496000000
960;8;520000000
961;6;500000000
962;6;492000000
963;6;484000000
964;97;5004000000
965;7;488000000
966;6;484000000
967;9;508000000
968;254;532000000
969;6;496000000
970;4;512000000
971;0;85860000000
972;7;492000000
973;7984;908000000
974;5;476000000
975;196;648000000
976;6;508000000
977;6;512000000
978;6;536000000
979;4;500000000
980;5;528000000
981;0;32000000
982;7;512000000
983;537137015;85108000000
984;312;1236000000
985;0;0
986;48;6504000000
987;46;1484000000
988;0;0
989;0;0
990;0;85264000000
991;0;87748000000
992;645;3232000000
993;0;85484000000
994;0;0
995;0;85304000000
996;0;85232000000
997;0;87764000000
998;0;85504000000
999;0;85340000000
1000;23012;9188000000
1001;0;85244000000
1002;0;85716000000
1003;613;484000000
1004;21495;6888000000
1005;5610;3364000000
1006;209767;48848000000
1007;345;1164000000
1008;17341;8676000000
1009;589;1332000000
1010;9789;5512000000
1011;0;87796000000
1012;60716;5200000000
1013;18950;10308000000
1014;6752;7468000000
1015;66241;16864000000
1016;24;660000000
1017;37329;11952000000
1018;54;532000000
1019;36301;4076000000
1020;0;0
1021;248454;6956000000
1022;18565;6180000000
1023;1524;608000000
1024;29757;2044000000
1025;9075;736000000
1026;8586;612000000
1027;58443;10908000000
1028;75;884000000
1029;312007;38168000000
1030;29307;1400000000
1031;167;1216000000
1032;0;0
1033;41;25532000000
1034;0;0
1035;660;612000000
1036;62227;2260000000
1037;39732;1624000000
1038;50949;5224000000
1039;2076413;26056000000
1040;3068;1116000000
1041;171132;4828000000
1042;0;87840000000
1043;0;0
1044;25809;6596000000
1045;0;516000000
1046;78924;9280000000
1047;49036;4440000000
1048;256;27380000000
1049;446136;5628000000
1050;369752;2652000000
1051;161919;1632000000
1052;543845;3616000000
1053;2870;1316000000
1054;1439;592000000
1055;5521;580000000
1056;28;544000000
1057;16;496000000
1058;11;512000000
1059;23;496000000
1060;4;496000000
1061;18023;27824000000
1062;6933;920000000
1063;5774199;60180000000
1064;1615;1032000000
1065;65;1168000000
1066;18900;10288000000
1067;44820;60016000000
1068;24468;60008000000
1069;20421;8872000000
1070;3469;616000000
1071;6616;1276000000
1072;0;87792000000
1073;0;87696000000
1074;0;96136000000
1075;41043;1248000000
1076;38;32000000
1077;0;516000000
1078;2432;1732000000
1079;0;85440000000
1080;0;85476000000
1081;86;628000000
1082;9;516000000
1083;6;456000000
1084;304;696000000
1085;0;87820000000
1086;0;87840000000
1087;4;500000000
1088;736;10968000000
1089;1965;5444000000
1090;6;4744000000
1091;889;932000000
1092;0;0
1093;30231;5216000000
1094;0;96220000000
1095;38613;6064000000
1096;274492;11672000000
1097;25;8000000
1098;0;87776000000
1099;0;87860000000
1100;0;87808000000
1101;0;87824000000
1102;0;87876000000
1103;0;88044000000
1104;0;87640000000
1105;0;87784000000
1106;0;87908000000
1107;421;12000000
1108;213541;48388000000
1109;169171;10844000000
1110;644914;60008000000
1111;115431;53740000000
1112;0;87876000000
1113;0;87816000000
1114;0;87848000000
1115;0;87868000000
1116;0;87824000000
1117;0;85356000000
1118;0;60016000000
1119;536901134;85072000000
1120;536872000;85684000000
1121;2139;1152000000
1122;858;584000000
1123;0;87864000000
1124;19776163;50984000000
1125;52;628000000
1126;0;87792000000
1127;577066;4548000000
1128;32154;3196000000
1129;12783;5020000000
1130;192;572000000
1131;937151;60280000000
1132;19502668;44348000000
1133;44814;880000000
1134;1;500000000
1135;0;0
1136;23;504000000
1137;193;500000000
1138;0;0
1139;122190;1036000000
1140;18357580;60072000000
1141;0;87772000000
1142;2141;892000000
1143;278;752000000
1144;0;0
1145;57437;8176000000
1146;0;60012000000
1147;0;85840000000
1148;0;87952000000
1149;0;87860000000
1150;421367;292000000
1151;0;87964000000
1152;23;504000000
1153;0;0
1154;0;0
1155;399289;2356000000
1;0;0
2;0;87376000000
3;0;87292000000
4;0;87684000000
5;0;87392000000
6;0;0
7;6108;216000000
8;0;87484000000
9;649;548000000
10;0;0
11;1891308;18172000000
12;174;1048000000
13;174;780000000
14;0;0
15;0;0
16;2159;2668000000
17;0;0
18;9511;1624000000
19;0;0
20;0;0
21;33857;22916000000
22;9;4560000000
23;214091;24392000000
24;0;85060000000
25;279875;24656000000
26;2128;616000000
27;0;0
28;60175;19456000000
29;0;0
30;0;113400000000
31;0;0
32;9163090;32676000000
33;1485701;736000000
34;120982;3108000000
35;0;87632000000
36;176029;21980000000
37;1043182;60352000000
38;0;85112000000
39;0;87604000000
40;0;87368000000
41;0;0
42;0;0
43;0;0
44;0;0
45;0;0
46;0;0
47;0;0
48;9907;6828000000
49;8217877;3736000000
50;14952;2796000000
51;0;0
52;5964981;60036000000
53;50949;5064000000
54;765;504000000
55;0;87420000000
56;245496;7244000000
57;245219;6840000000
58;0;0
59;134;516000000
60;0;87516000000
61;0;87584000000
62;0;0
63;27333;2224000000
64;45493;5456000000
65;1335396;824000000
66;149793;120000000
67;188;5792000000
68;1786;6632000000
69;3535;280000000
70;46559;60020000000
71;46550;60016000000
72;3;484000000
73;7;484000000
74;4469;1596000000
75;7;5200000000
76;18727;744000000
77;0;0
78;1130260;55088000000
79;6257;780000000
80;28305;4660000000
81;1910020;60020000000
82;6590;832000000
83;0;87460000000
84;0;60016000000
85;42073;37500000000
86;682;37732000000
87;537029071;85664000000
88;0;87556000000
89;0;0
90;6094;8776000000
91;23;528000000
92;8;492000000
93;71266;912000000
94;577;704000000
95;0;60016000000
96;14902117;8336000000
97;263445;13948000000
98;579761;85320000000
99;188098;9292000000
100;13643;544000000
101;15;508000000
102;1457;1744000000
103;0;0
104;4;484000000
105;102;1092000000
106;0;87560000000
107;0;0
108;0;60008000000
109;0;85044000000
110;55823;12632000000
111;96374;2860000000
112;9;492000000
113;0;0
114;103;544000000
115;3119;740000000
116;0;0
117;0;87560000000
118;536977149;85644000000
119;381;864000000
120;288;556000000
121;0;0
122;11380;1152000000
123;100;648000000
124;7741;7376000000
125;3530;656000000
126;3;536000000
127;0;87564000000
128;41583;952000000
129;179;516000000
130;324130;27580000000
131;21;492000000
132;6;500000000
133;4169196;18576000000
134;1399;512000000
135;426;1352000000
136;0;96132000000
137;24256;2104000000
138;0;95652000000
139;248032;60048000000
140;0;0
141;64;512000000
142;684;572000000
143;52573769;74624000000
144;51979765;14060000000
145;0;0
146;191742;1080000000
147;63316;6264000000
148;680;668000000
149;0;60200000000
150;0;0
151;0;0
152;2100383;60028000000
153;0;0
154;15285;5200000000
155;12544;896000000
156;7712;6836000000
157;44797;1624000000
158;0;96280000000
159;190;2072000000
160;0;87564000000
161;1869;2472000000
162;25;544000000
163;8;536000000
164;28;560000000
165;746;1596000000
166;667740;40808000000
167;41310;10584000000
168;3305;2792000000
169;2662;2064000000
170;0;87544000000
171;843;540000000
172;841;788000000
173;520;932000000
174;0;85060000000
175;0;84980000000
176;7592;660000000
177;5337;692000000
178;27950;1596000000
179;11847;884000000
180;147198;60004000000
181;0;87656000000
182;60477;4432000000
183;378;560000000
184;0;0
185;879;656000000
186;91;544000000
187;353;584000000
188;233;580000000
189;553436;7608000000
190;1835602;60640000000
191;1759441;29168000000
192;1999;3436000000
193;11;480000000
194;212;524000000
195;3389749;49132000000
196;0;87572000000
197;5;508000000
198;81;544000000
199;93;472000000
200;290;584000000
201;0;0
202;0;0
203;1253563;60016000000
204;60028;20164000000
205;0;60832000000
206;0;61136000000
207;501;88000000
208;46;496000000
209;0;95984000000
210;0;95956000000
211;0;96128000000
212;0;96084000000
213;0;96116000000
214;6447;4652000000
215;235486;60184000000
216;1;508000000
217;1;484000000
218;79;612000000
219;195742;17468000000
220;6;480000000
221;0;0
222;574358;340000000
223;208779;8500000000
224;109;1772000000
225;7;1924000000
226;35;4224000000
227;5;696000000
228;1;712000000
229;2882264;39024000000
230;614;1360000000
231;121992;8752000000
232;433384;9036000000
233;1574;720000000
234;4924;620000000
235;81;728000000
236;0;87628000000
237;6471072;60036000000
238;2865683;38164000000
239;31370;1484000000
240;258332;2680000000
241;108939;60056000000
242;2109464;9024000000
243;12;544000000
244;2861;496000000
245;731;504000000
246;115;12000000
247;4938341;50044000000
248;1863;788000000
249;6;496000000
250;1;496000000
251;438811;57440000000
252;129650;7612000000
253;0;60020000000
254;740977;51116000000
255;13951;60536000000
256;180281;108000000
257;6;488000000
258;6;500000000
259;6204;7808000000
260;582496;19876000000
261;570836;22544000000
262;582398;35928000000
263;23053;8496000000
264;0;0
265;0;0
266;0;0
267;0;0
268;134;5480000000
269;0;0
270;0;0
271;126;532000000
272;306;660000000
273;0;85068000000
274;1378;2684000000
275;0;85240000000
276;82092;8600000000
277;18964;2672000000
278;13496;15400000000
279;0;87508000000
280;204;872000000
281;244;520000000
282;13;480000000
283;5953;168000000
284;222294;7196000000
285;28281;2184000000
286;0;85224000000
287;2097576;60016000000
288;15127;4908000000
289;0;0
290;0;0
291;0;0
292;0;0
293;0;0
294;0;96168000000
295;0;0
296;0;0
297;0;0
298;0;0
299;6965921;39096000000
300;0;96212000000
301;592;512000000
302;925;5460000000
303;0;0
304;19972;128000000
305;43307;220000000
306;0;87600000000
307;26215;8996000000
308;23937;1196000000
309;18;564000000
310;682;544000000
311;1965;388000000
312;2162;1060000000
313;0;504000000
314;16;788000000
315;1;516000000
316;1;520000000
317;472616;60008000000
318;0;0
319;2279;1568000000
320;0;0
321;0;0
322;0;0
323;6;496000000
324;0;0
325;319881;9888000000
326;4;12000000
327;1084;2032000000
328;0;0
329;13795;15852000000
330;10072;3380000000
331;369;784000000
332;85488;2852000000
333;6;496000000
334;4;504000000
335;800;1992000000
336;1290096;60320000000
337;1;4428000000
338;15979;15904000000
339;10425;2840000000
340;0;60012000000
341;792;1736000000
342;536870912;86044000000
343;3635;572000000
344;344;60496000000
345;14;500000000
346;3700037;61156000000
347;0;0
348;363273;60128000000
349;39186;4040000000
350;211;604000000
351;20591;1864000000
352;475200;10308000000
353;0;87652000000
354;3;536000000
355;4;500000000
356;267;844000000
357;34;528000000
358;21324526;13260000000
359;0;85480000000
360;18090704;15160000000
361;323;4612000000
362;162281;60004000000
363;0;88000000000
364;2957;380000000
365;1;504000000
366;22961;8652000000
367;1513;1440000000
368;1750;2320000000
369;559996;16020000000
370;34282;15552000000
371;0;85632000000
372;0;87628000000
373;2;496000000
374;589;1228000000
375;256728;25508000000
376;220;1356000000
377;47834;1748000000
378;369;544000000
379;68013;1320000000
380;933;700000000
381;199974;1884000000
382;3254;792000000
383;6;488000000
384;13;528000000
385;49;4652000000
386;357296;56160000000
387;0;0
388;0;0
389;0;71424000000
390;0;0
391;0;0
392;0;0
393;0;0
394;0;0
395;0;0
396;1;492000000
397;0;83936000000
398;0;87560000000
399;34281;9940000000
400;7776;656000000
401;5;516000000
402;5;472000000
403;0;87624000000
404;0;988000000
405;33451;23088000000
406;12277;1928000000
407;0;63452000000
408;44298;60024000000
409;1669;3344000000
410;37824;928000000
411;16474;6916000000
412;347;716000000
413;0;0
414;0;0
415;1314866;60484000000
416;524968;2288000000
417;2415;2716000000
418;36;28000000
419;1648020;900000000
420;23;508000000
421;65;548000000
422;0;0
423;220;876000000
424;0;0
425;12465;648000000
426;0;71508000000
427;0;71508000000
428;0;60008000000
429;22810;12984000000
430;10279;4412000000
431;0;0
432;11847;676000000
433;2034862;28572000000
434;110136;1836000000
435;1659373;19084000000
436;346760;10896000000
437;19081280;13524000000
438;38588;20804000000
439;1759790;60376000000
440;1524370;60580000000
441;541;900000000
442;1248464;780000000
443;44667;960000000
444;5530;2756000000
445;5184;4612000000
446;2132;2004000000
447;0;0
448;0;0
449;5408;5384000000
450;2172;2044000000
451;5531;4748000000
452;0;267156000000
453;0;163820000000
454;5407;4564000000
455;2171;1384000000
456;2365;2204000000
457;2904;2500000000
458;14;604000000
459;13;616000000
460;0;0
461;0;0
462;0;163060000000
463;0;267296000000
464;0;267152000000
465;0;163548000000
466;647450;256000000
467;4692051;27400000000
468;62;716000000
469;61;136000000
470;6624;3752000000
471;37398;2116000000
472;24970;2684000000
473;525037;23796000000
474;547031586;87024000000
475;346760;10648000000
476;0;87784000000
477;0;87684000000
478;0;0
479;8904;3920000000
480;0;0
481;1360085;60376000000
482;4;488000000
483;0;0
484;0;0
485;512;1212000000
486;117;792000000
487;92;692000000
488;29;564000000
489;12;492000000
490;667;980000000
491;1570;1468000000
492;10668;4900000000
493;46568;60016000000
494;7097;8448000000
495;738462;4340000000
496;738462;3580000000
497;73;440000000
498;7504;6288000000
499;98041;4644000000
500;26376;2580000000
501;12309;528000000
502;0;60016000000
503;1;528000000
504;1;496000000
505;0;86296000000
506;2109463;6124000000
507;1;508000000
508;0;0
509;0;0
510;5;520000000
511;0;96184000000
512;1;3852000000
513;26743;28184000000
514;2058;26384000000
515;1072;26112000000
516;7503;3440000000
517;0;77188000000
518;689863;59840000000
519;322;524000000
520;97408;6896000000
521;2537;1520000000
522;6;500000000
523;0;0
524;0;0
525;0;0
526;0;0
527;138;804000000
528;0;87560000000
529;3;508000000
530;1427;548000000
531;23;588000000
532;43954;60016000000
533;1;488000000
534;0;0
535;3448;664000000
536;126;488000000
537;500;544000000
538;906;1944000000
539;0;0
540;0;0
541;5561;608000000
542;1;500000000
543;4;496000000
544;1307659;60360000000
545;0;0
546;50153456;71480000000
547;0;87676000000
548;0;85260000000
549;45374;1652000000
550;0;0
551;16;472000000
552;843865;22052000000
553;6804;2572000000
554;232409;5672000000
555;0;87620000000
556;4;476000000
557;5;492000000
558;210707;888000000
559;0;87632000000
560;0;16728000000
561;0;17544000000
562;0;0
563;0;87760000000
564;0;0
565;0;0
566;6;0
567;1257224;880000000
568;0;0
569;1272;1800000000
570;411203;60008000000
571;259160;60004000000
572;198033;60004000000
573;277098;60008000000
574;20;10408000000
575;19;8524000000
576;18;8500000000
577;17;8540000000
578;0;86916000000
579;0;111004000000
580;57438;13944000000
581;1;1904000000
582;524;4016000000
583;0;1000000000
584;23013;8060000000
585;37731;1328000000
586;0;0
587;160279;10856000000
588;449;560000000
589;14313;58868000000
590;1092826;60392000000
591;14313;59876000000
592;3217;17772000000
593;689909;34996000000
594;90;1612000000
595;0;96268000000
596;574358;356000000
597;2787;60548000000
598;537425432;85880000000
599;41163;896000000
600;0;87760000000
601;0;0
602;0;85216000000
603;142545;11088000000
604;142546;18824000000
605;6;508000000
606;6;520000000
607;1;516000000
608;142545;23992000000
609;35;580000000
610;7;512000000
611;0;0
612;373;716000000
613;16;560000000
614;36;644000000
615;1135;3060000000
616;667968;17240000000
617;0;0
618;0;163112000000
619;0;163392000000
620;0;163340000000
621;0;163676000000
622;0;163788000000
623;0;163436000000
624;0;163304000000
625;0;163900000000
626;0;163272000000
627;0;163416000000
628;0;163936000000
629;0;163564000000
630;0;163628000000
631;0;163556000000
632;0;163732000000
633;0;163560000000
634;0;164144000000
635;0;163660000000
636;0;163800000000
637;0;163900000000
638;0;163836000000
639;0;163872000000
640;0;163620000000
641;0;163824000000
642;0;164156000000
643;0;164280000000
644;0;164516000000
645;0;164432000000
646;84484;4052000000
647;536904882;25184000000
648;0;0
649;0;96688000000
650;0;96584000000
651;0;96428000000
652;0;96772000000
653;0;96640000000
654;0;96580000000
655;0;112488000000
656;0;112776000000
657;2487;1180000000
658;12687;908000000
659;3109;3304000000
660;0;0
661;894;1732000000
662;0;86356000000
663;0;86012000000
664;0;86316000000
665;0;86128000000
666;0;86092000000
667;0;88204000000
668;0;88068000000
669;0;0
670;13;60584000000
671;37629;4768000000
672;2636636;1920000000
673;0;0
674;57129;1916000000
675;536941264;85856000000
676;0;0
677;0;0
678;14568;1540000000
679;5011;2532000000
680;629962;51412000000
681;632654;52912000000
682;0;96452000000
683;538515131;86288000000
684;6;524000000
685;1;452000000
686;0;0
687;375;544000000
688;0;0
689;0;0
690;0;0
691;537120532;86148000000
692;4;492000000
693;47792;13984000000
694;7498;1192000000
695;17;612000000
696;16263;412000000
697;1260;1928000000
698;15409;3488000000
699;1;540000000
700;2;588000000
701;346;640000000
702;0;206608000000
703;0;87240000000
704;154141;5724000000
705;23121;1588000000
706;0;0
707;0;0
708;21547;1124000000
709;18274;2616000000
710;14035;2516000000
711;4710;716000000
712;4097307;60968000000
713;967;628000000
714;0;86116000000
715;67626;60024000000
716;1;492000000
717;121;176000000
718;57;768000000
719;178;1024000000
720;0;87996000000
721;3885;26236000000
722;1872;1428000000
723;1510;2360000000
724;543;1392000000
725;109337;8964000000
726;0;0
727;0;0
728;1335396;840000000
729;0;0
730;0;0
731;22;596000000
732;0;0
733;199;1100000000
734;4605;3876000000
735;1285;2268000000
736;1034;608000000
737;128;60532000000
738;52165474;73808000000
739;9;8000000
740;20054;5928000000
741;412235;52196000000
742;92933;10276000000
743;0;87816000000
744;0;60692000000
745;585311;28564000000
746;578360;28780000000
747;0;0
748;3676;3548000000
749;860;1588000000
750;175;568000000
751;793;692000000
752;14409;59412000000
753;14313;58980000000
754;14317;60008000000
755;14233;60008000000
756;1193;2540000000
757;1265;3228000000
758;1771;2712000000
759;32600;2024000000
760;30;552000000
761;1;4928000000
762;1;5632000000
763;0;85540000000
764;317;844000000
765;13171;8796000000
766;2684;612000000
767;0;0
768;0;0
769;0;88188000000
770;95336;116000000
771;48;548000000
772;756;14380000000
773;1497;37924000000
774;539933970;26412000000
775;2889812;1648000000
776;0;0
777;38612;7948000000
778;2;500000000
779;0;85780000000
780;3022;912000000
781;22113;1120000000
782;918;536000000
783;234;676000000
784;8;620000000
785;0;87944000000
786;0;88024000000
787;1014;2164000000
788;0;0
789;18753481;60076000000
790;2383;4548000000
791;14288;60008000000
792;14221;60008000000
793;420;1588000000
794;309361;60004000000
795;0;0
796;1220;528000000
797;27496;25264000000
798;24908;16696000000
799;2523357;48384000000
800;3066;1700000000
801;58;584000000
802;0;520000000
803;41422;10876000000
804;71212;1936000000
805;16;548000000
806;2113;1060000000
807;1;500000000
808;7933;9860000000
809;27681;708000000
810;2112;732000000
811;15155;2668000000
812;11623;5064000000
813;0;0
814;0;0
815;42506;4572000000
816;96;492000000
817;16299;1636000000
818;0;0
819;0;0
820;8;496000000
821;0;0
822;1265;504000000
823;0;87848000000
824;1402616;60012000000
825;973176;60008000000
826;11314208;69836000000
827;42475;1060000000
828;34853;1448000000
829;2643;2688000000
830;0;0
831;73;484000000
832;34;464000000
833;1;480000000
834;302;1180000000
835;16989;4000000000
836;0;121672000000
837;99412;5904000000
838;638451;24348000000
839;18240;9664000000
840;0;0
841;0;85884000000
842;4;520000000
843;0;0
844;0;0
845;44533;1128000000
846;198931;7552000000
847;0;0
848;360;864000000
849;638855;7532000000
850;86816;2360000000
851;10195;1180000000
852;0;96524000000
853;1;512000000
854;6046;1564000000
855;0;0
856;125807;60004000000
857;5362;5396000000
858;5361;6984000000
859;17281306;5684000000
860;0;0
861;212028;6032000000
862;35092;20056000000
863;13144;2504000000
864;13143;1200000000
865;1622;548000000
866;1655034;60012000000
867;344;37740000000
868;4153;3496000000
869;0;0
870;0;60552000000
871;156474010;38960000000
872;20;676000000
873;0;0
874;1563;960000000
875;0;0
876;49563025;11384000000
877;51725092;72140000000
878;8680;1364000000
879;0;60008000000
880;70;524000000
881;5;492000000
882;280;504000000
883;240234;10528000000
884;0;0
885;3817;1460000000
886;0;0
887;35092;30468000000
888;0;0
889;67586;2944000000
890;0;87812000000
891;67585;2228000000
892;6811;1128000000
893;107312;1572000000
894;8391;18304000000
895;0;1228000000
896;231;700000000
897;524;928000000
898;744;524000000
899;0;0
900;19152;5188000000
901;46968;932000000
902;5749;24828000000
903;536;4912000000
904;379;444000000
905;6805;4356000000
906;5548;3208000000
907;5032;3008000000
908;36;44000000
909;6;48588000000
910;8;48796000000
911;311;440000000
912;0;0
913;171940;25692000000
914;5405;692000000
915;2578294;60016000000
916;4184729;3960000000
917;0;0
918;301;396000000
919;226;816000000
920;0;0
921;0;0
922;0;0
923;260512;5128000000
924;2383;3448000000
925;212029;13320000000
926;0;0
927;1823;2536000000
928;28841;2480000000
929;0;4000000
930;21200940;12376000000
931;7332;924000000
932;6805;8752000000
933;0;85276000000
934;35878;2420000000
935;538895259;25692000000
936;35937;2988000000
937;0;85176000000
938;0;0
939;0;84984000000
940;1;2000000000
941;75728;2000000000
942;19954;2436000000
943;121585;2016000000
944;110430;5820000000
945;2460;101144000000
946;307859;2576000000
947;10779;2748000000
948;42092;9716000000
949;586387136;36668000000
950;0;96544000000
951;5361;5992000000
952;4;528000000
953;0;169928000000
954;3241373;60032000000
955;1;464000000
