Reading 5420 matrices... done... 610166040 total words (5.09 bpt)
Reading mapping... done.
1;50572093;12044000000
2;66750548;605728000000
3;6237;7116000000
4;4553876;90476000000
5;1;508000000
6;356747;47124000000
7;540752259;626668000000
8;2614;3164000000
9;4165;3748000000
10;1788949;27824000000
11;149793;128000000
12;188;824000000
13;34640;18632000000
14;272860;6108000000
15;297;6340000000
16;160;4772000000
17;17;552000000
18;469;1876000000
19;26278;900000000
20;8456;1056000000
21;1464949;129196000000
22;1;504000000
23;661;2148000000
24;12939;2048000000
25;35303;15524000000
26;37445;3196000000
27;35302;9768000000
28;4880325;338820000000
29;18620;11832000000
30;177;540000000
31;618322480;642224000000
32;130444;22960000000
33;742103;27864000000
34;2538;3160000000
35;40453;2272000000
36;1738;2824000000
37;0;0
38;542830056;625972000000
39;0;0
40;0;0
41;6966273;75144000000
42;590522;9252000000
43;0;626036000000
44;10053065;263268000000
45;4174;3492000000
46;0;626420000000
47;1405;344000000
48;1627;1460000000
49;440579;10424000000
50;11387;7512000000
51;240;680000000
52;31;548000000
53;795680;18928000000
54;0;0
55;50949;5012000000
56;50572093;11780000000
57;0;663600000000
58;0;0
59;593498914;707240000000
60;0;0
61;0;0
62;137963460;600472000000
63;0;0
64;0;0
65;190233;6528000000
66;0;504000000
67;8408;7232000000
68;709018223;707892000000
69;187322;4228000000
70;156659;11852000000
71;206934;42448000000
72;163270;13652000000
73;129;728000000
74;4;536000000
75;1;484000000
76;247463;4368000000
77;47471413;393696000000
78;144269;12012000000
79;0;0
80;0;0
81;7184;5600000000
82;9987;856000000
83;3630;3764000000
84;51210;2908000000
85;4691841;99640000000
86;38254;93844000000
87;0;631016000000
88;3;476000000
89;413;1488000000
90;4701;2212000000
91;40;572000000
92;76;760000000
93;4;536000000
94;6;484000000
95;245;2272000000
96;538585769;625336000000
97;1116125;17612000000
98;1464948;109220000000
99;3;464000000
100;230;4456000000
101;13;536000000
102;82148468;46916000000
103;4692464;52612000000
104;517;1460000000
105;7932929;601200000000
106;1380014;34932000000
107;293233;8144000000
108;2818;4576000000
109;93;852000000
110;4940574;51912000000
111;319;684000000
112;548712207;630972000000
113;0;0
114;0;0
115;0;0
116;72359;225952000000
117;0;0
118;1;484000000
119;209809;100000000
120;0;0
121;437999;10700000000
122;0;0
123;11713;1080000000
124;13738474;605720000000
125;455640;12060000000
126;3411;2020000000
127;12309;536000000
128;299486;5856000000
129;1157810;592000000
130;2861;608000000
131;57199;8596000000
132;2360;904000000
133;0;0
134;4692051;21836000000
135;5035;2316000000
136;15813;8700000000
137;3361;1040000000
138;528324;11928000000
139;488345;38744000000
140;337115;17596000000
141;376;1504000000
142;6655506;600332000000
143;1744;320000000
144;587443003;103212000000
145;20422;10876000000
146;72359;224868000000
147;156562;1756000000
148;42475;1212000000
149;0;0
150;1211;1012000000
151;8;504000000
152;296;872000000
153;27686;7520000000
154;159;512000000
155;20704;4092000000
156;0;0
157;5;504000000
158;44943;5156000000
159;38964;9228000000
160;14837;4360000000
161;1863;820000000
162;9663545;289220000000
163;359864;14948000000
164;18979;1500000000
165;412236;41036000000
166;0;480000000
167;9433;2420000000
168;13724;1344000000
169;13489;864000000
170;841202;72252000000
171;409;908000000
172;0;0
173;0;625700000000
174;0;0
175;13047;4064000000
176;0;600348000000
177;0;600352000000
178;0;600336000000
179;0;638916000000
180;10600;1564000000
181;8010;4488000000
182;4304;3012000000
183;2076413;23452000000
184;12278;12136000000
185;578301;16052000000
186;521;428000000
187;578298;16116000000
188;1743;1564000000
189;12530;768000000
190;0;610196000000
191;1706050;600832000000
192;380;1260000000
193;838216;6128000000
194;6877505;119800000000
195;15440;1228000000
196;953843;5028000000
197;0;0
198;13981;176000000
199;6114;4088000000
200;368;708000000
201;0;631216000000
202;116682;4748000000
203;60;528000000
204;8652542;89676000000
205;211701;3896000000
206;2468;2464000000
207;71907;10880000000
208;0;0
209;2467;1476000000
210;217;1264000000
211;8030;6172000000
212;268;980000000
213;5146;2312000000
214;421927;10748000000
215;18241;6980000000
216;3459;3256000000
217;22;532000000
218;9;536000000
219;2177;3992000000
220;25;484000000
221;510;588000000
222;0;524000000
223;0;496000000
224;4776;2532000000
225;0;4000000
226;264720;5536000000
227;330;232000000
228;1159;1044000000
229;15269;1408000000
230;0;0
231;0;0
232;0;0
233;0;0
234;54;612000000
235;712;2044000000
236;195;5836000000
237;1724149;26352000000
238;0;0
239;18270;2324000000
240;0;0
241;363612;3452000000
242;2728;2984000000
243;98055;2180000000
244;169172;17072000000
245;5276;3372000000
246;504;824000000
247;81536;4396000000
248;331748;11408000000
249;63529;3452000000
250;40536;532000000
251;772265;22008000000
252;29564;4920000000
253;57;592000000
254;1287934;5316000000
255;22622;716000000
256;0;683704000000
257;0;488000000
258;0;760000000
259;0;496000000
260;0;520000000
261;0;472000000
262;35942;10608000000
263;34;632000000
264;3792;2084000000
265;677;1192000000
266;679;36656000000
267;312;36992000000
268;0;0
269;7595;1960000000
270;641298;64176000000
271;128525;2852000000
272;29620;2160000000
273;0;0
274;63;12700000000
275;1131709;110320000000
276;87962;4280000000
277;111390;19156000000
278;3545042;76948000000
279;407;1864000000
280;37571;11368000000
281;644829;40328000000
282;541974921;632172000000
283;1090;952000000
284;540702700;630728000000
285;19081282;41204000000
286;100624;5544000000
287;613238;18000000000
288;5713;1676000000
289;909856;4204000000
290;412235;28348000000
291;110522;18572000000
292;1467;1360000000
293;21;588000000
294;538426385;625072000000
295;546642508;744412000000
296;35943;7876000000
297;356746;36848000000
298;546635303;657924000000
299;0;0
300;88042;6824000000
301;7423049;78316000000
302;0;626044000000
303;0;0
304;13703494;606032000000
305;1042550;556000000
306;234587;5872000000
307;412296;29156000000
308;525636;20228000000
309;525635;3292000000
310;8041;1048000000
311;1157810;572000000
312;841203;88176000000
313;1;500000000
314;0;0
315;592443011;642240000000
316;347;6560000000
317;569514;22204000000
318;0;0
319;0;0
320;0;0
321;31012048;167224000000
322;1;504000000
323;290;588000000
324;268;972000000
325;0;0
326;0;641900000000
327;92611;11068000000
328;4164;4884000000
329;21;744000000
330;82;24000000
331;0;0
332;0;488000000
333;613392;576000000
334;50949;22836000000
335;848022;16048000000
336;44;564000000
337;530438;11948000000
338;0;0
339;0;0
340;0;0
341;0;0
342;0;0
343;48386212;388248000000
344;850776;13640000000
345;27;592000000
346;57;664000000
347;221404;32828000000
348;5729;4492000000
349;2475500;44740000000
350;156660;22236000000
351;4314;4416000000
352;0;625948000000
353;0;625996000000
354;1112;2024000000
355;0;0
356;4733;828000000
357;99;492000000
358;0;642084000000
359;26;536000000
360;44;520000000
361;14120760;603948000000
362;4422;2748000000
363;46886;964000000
364;0;626100000000
365;211;704000000
366;4693110;58712000000
367;5568;38968000000
368;7507;696000000
369;0;0
370;0;0
371;0;0
372;0;0
373;0;0
374;7447511;603524000000
375;0;0
376;0;0
377;0;0
378;0;520000000
379;0;0
380;995;1516000000
381;82712;7364000000
382;147;588000000
383;2224;2564000000
384;1802;1048000000
385;497;804000000
386;295;744000000
387;4709184;46008000000
388;6088295;69404000000
389;14425;984000000
390;106609;64000000
391;365678;16272000000
392;829360;57888000000
393;2;4536000000
394;14747;8640000000
395;41423;8404000000
396;20634;696000000
397;27029994;26824000000
398;47;620000000
399;256677;5348000000
400;254;1188000000
401;6124409;80372000000
402;0;642544000000
403;0;631700000000
404;0;631556000000
405;0;631716000000
406;0;631580000000
407;0;631768000000
408;0;631716000000
409;0;631712000000
410;6;536000000
411;386533;30700000000
412;0;632076000000
413;13;548000000
414;53;560000000
415;20713953;70844000000
416;0;0
417;536929270;629568000000
418;538212265;625668000000
419;0;625272000000
420;0;628776000000
421;41071;14340000000
422;205017;4372000000
423;135998;3236000000
424;3092;836000000
425;1232633;600020000000
426;4169196;14620000000
427;121411;1088000000
428;14132377;603932000000
429;3771;1924000000
430;39163;788000000
431;1409684;68924000000
432;7327;596000000
433;9;492000000
434;536872719;25032000000
435;889;2024000000
436;38612;3296000000
437;0;0
438;95356;3624000000
439;0;0
440;905;2044000000
441;25442;8504000000
442;3082;1024000000
443;25441;5060000000
444;111;820000000
445;688807;10448000000
446;0;626180000000
447;310559;9076000000
448;41422;5064000000
449;22117;8480000000
450;244;892000000
451;16238;804000000
452;53488;10256000000
453;0;629728000000
454;5;516000000
455;239;1060000000
456;481;2204000000
457;9951;7900000000
458;225;508000000
459;621;484000000
460;41386;3916000000
461;22588;1784000000
462;33687733;214936000000
463;8297;640000000
464;61366;6680000000
465;18;548000000
466;402;1168000000
467;27;568000000
468;111;736000000
469;21;560000000
470;219;820000000
471;18;532000000
472;755934;11120000000
473;0;0
474;0;626160000000
475;256585;12724000000
476;47016;23056000000
477;465560;18344000000
478;8964;9604000000
479;96;552000000
480;1325127;11452000000
481;0;0
482;0;0
483;0;0
484;27005688;26672000000
485;641299;79216000000
486;538839;36384000000
487;538838;25532000000
488;54135;4780000000
489;47898;4388000000
490;0;0
491;0;613476000000
492;0;626612000000
493;106609;76000000
494;0;0
495;0;0
496;1446982;20528000000
497;139;60000000
498;2189;640000000
499;376;732000000
500;222295;15108000000
501;1042900;5928000000
502;17212;740000000
503;4685;740000000
504;17477;1156000000
505;2326;2036000000
506;1657076;88468000000
507;24331;601096000000
508;24330;600448000000
509;0;0
510;6563;4768000000
511;2539057;11900000000
512;69424;632000000
513;4;512000000
514;4097299;99692000000
515;1090;672000000
516;10515;784000000
517;66240;12816000000
518;541471387;627272000000
519;538968245;631496000000
520;7180;908000000
521;4166203;132100000000
522;938;1500000000
523;1425;4000000
524;1031036;43280000000
525;11;508000000
526;0;626028000000
527;0;626004000000
528;0;603940000000
529;0;603944000000
530;0;603976000000
531;0;603916000000
532;1383;1772000000
533;0;154232000000
534;0;153944000000
535;0;128544000000
536;0;128752000000
537;0;476000000
538;5517;960000000
539;20053;1860000000
540;4648263;92664000000
541;28604947;143812000000
542;822846;49432000000
543;86;504000000
544;215018;15948000000
545;809015;31964000000
546;5810;7804000000
547;819856;35844000000
548;165986;14492000000
549;447540;23016000000
550;5850;7968000000
551;177;944000000
552;46;520000000
553;46;500000000
554;466096;1616000000
555;99516;3084000000
556;233608;3116000000
557;1381;1280000000
558;0;0
559;8754;1644000000
560;829284;50428000000
561;1468;1188000000
562;1672;2832000000
563;36;544000000
564;45;5824000000
565;18240;4808000000
566;855;932000000
567;793;1092000000
568;1828;1452000000
569;749;868000000
570;984;1220000000
571;446;832000000
572;289500;3508000000
573;2831;1456000000
574;79893;1884000000
575;5066;27192000000
576;14648;1856000000
577;30;32000000
578;45;652000000
579;25831;756000000
580;482025;14452000000
581;2820;4564000000
582;47470679;342076000000
583;4184317;67000000000
584;810813;32160000000
585;138961;13772000000
586;0;488000000
587;1657076;87028000000
588;1131934;55680000000
589;6648419;97196000000
590;447708;23152000000
591;977469;32504000000
592;20365;420000000
593;15354;1048000000
594;39771819;264364000000
595;0;488000000
596;136415;13516000000
597;1398244;54232000000
598;1657076;87324000000
599;16103;12440000000
600;1657076;90356000000
601;6970044;39512000000
602;1657076;88708000000
603;23040;1092000000
604;6190;1428000000
605;1213129;37844000000
606;1658042;87760000000
607;18;716000000
608;164;872000000
609;13;500000000
610;30;572000000
611;3366299;50860000000
612;0;484000000
613;819856;35340000000
614;819861;35216000000
615;559997;12536000000
616;1189994;6756000000
617;822851;49248000000
618;31012200;166808000000
619;795680;18868000000
620;0;0
621;0;0
622;0;0
623;0;472000000
624;27436;1228000000
625;888;1176000000
626;254;636000000
627;346814;11080000000
628;608;1016000000
629;822846;48952000000
630;0;0
631;766339;10764000000
632;0;0
633;7439;9092000000
634;578299;23880000000
635;38003;17188000000
636;582322;36080000000
637;601379;25568000000
638;594069;7464000000
639;18875;684000000
640;4125;2192000000
641;36935;2056000000
642;2531;672000000
643;901;520000000
644;4692285;29524000000
645;52095;16388000000
646;0;0
647;11759;1108000000
648;34;604000000
649;1456;2216000000
650;18645;7716000000
651;1;476000000
652;16;1836000000
653;27857053;124172000000
654;819869;35972000000
655;6970044;39236000000
656;38202724;247464000000
657;3179;1780000000
658;205;2404000000
659;27872087;125396000000
660;14409;63404000000
661;14313;63580000000
662;588;492000000
663;384160;1324000000
664;5454;872000000
665;33505;2108000000
666;10361;25256000000
667;33002;2084000000
668;3;4524000000
669;1287864;35688000000
670;6852;6136000000
671;14591;2956000000
672;0;0
673;16641;15072000000
674;9456;3372000000
675;544130262;28376000000
676;0;0
677;221403;26548000000
678;80;100000000
679;542790353;626092000000
680;9457;4992000000
681;3;504000000
682;18623;136000000
683;56243;4440000000
684;440580;21632000000
685;0;0
686;0;0
687;383;988000000
688;1960650;27624000000
689;81877;4620000000
690;6921738;74196000000
691;4052292;2596000000
692;326322;9288000000
693;0;631340000000
694;1397;896000000
695;374;1664000000
696;2005;888000000
697;10940844;2648000000
698;33;576000000
699;5058422;600044000000
700;301435;31444000000
701;255;1196000000
702;4591;8584000000
703;3472;592000000
704;12745;876000000
705;1;788000000
706;62;732000000
707;13787;6372000000
708;578;1120000000
709;0;626188000000
710;285;8000000
711;2329075;33860000000
712;4509;2956000000
713;2010519;1252000000
714;521573;300000000
715;1277756;2076000000
716;2173;600900000000
717;0;0
718;0;0
719;44986790;157268000000
720;79142663;600436000000
721;1571;2620000000
722;3;524000000
723;27957966;130912000000
724;54112586;13752000000
725;603353513;637592000000
726;9947;2552000000
727;4596658;626232000000
728;617490715;642268000000
729;4738109;222612000000
730;28485;8756000000
731;818;460000000
732;102;8000000
733;518;4000000
734;14406;880000000
735;151;24000000
736;5;4612000000
737;176030;27588000000
738;1628;2548000000
739;60165;2552000000
740;52;684000000
741;108;4032000000
742;52378;4872000000
743;537440554;628628000000
744;181;908000000
745;606;876000000
746;167;892000000
747;11844;820000000
748;11845;1764000000
749;0;0
750;200;636000000
751;1074;2004000000
752;2665;1888000000
753;0;0
754;2939;632000000
755;164077;1320000000
756;1070;1936000000
757;0;654644000000
758;0;628516000000
759;0;705592000000
760;0;679788000000
761;346275;4452000000
762;0;604628000000
763;0;600100000000
764;4224;4864000000
765;7494174;471376000000
766;4695148;115064000000
767;1737742;235024000000
768;1074;1180000000
769;340110;140932000000
770;1736098;191156000000
771;0;643020000000
772;12;644000000
773;0;0
774;0;0
775;7494174;468596000000
776;94;568000000
777;157616;8584000000
778;0;0
779;26980260;26432000000
780;26979811;26480000000
781;0;0
782;554773;320000000
783;45494;8780000000
784;511921;6356000000
785;5163535;2540000000
786;4964508;3716000000
787;894571;59880000000
788;0;0
789;535515;33848000000
790;0;0
791;303191;3828000000
792;0;642516000000
793;530438;12612000000
794;447;1668000000
795;0;0
796;134802;2136000000
797;26851;102068000000
798;58;576000000
799;4693439;132804000000
800;263562;39188000000
801;263446;2760000000
802;2379;3056000000
803;1933;2300000000
804;926;1180000000
805;0;0
806;0;0
807;22;548000000
808;37328;9440000000
809;120495;11684000000
810;801683;852000000
811;1175;572000000
812;120496;15736000000
813;93766;16692000000
814;2727;1712000000
815;8660;3804000000
816;0;625428000000
817;559996;7820000000
818;1073;924000000
819;557136;5464000000
820;594068;3508000000
821;0;626200000000
822;39981;2676000000
823;638855;5160000000
824;38599;496000000
825;0;4000000
826;0;643108000000
827;0;642752000000
828;0;641532000000
829;6884;760000000
830;9788;3728000000
831;1173;528000000
832;23792;4428000000
833;214069;19260000000
834;614;1372000000
835;28484;7028000000
836;588;436000000
837;17340;6512000000
838;898106;179532000000
839;2498087;231192000000
840;0;0
841;53;28000000
842;591011265;660256000000
843;0;0
844;0;0
845;1818;1608000000
846;328;604000000
847;374710;3420000000
848;56513;2136000000
849;1172;2956000000
850;2188;1140000000
851;424579;8040000000
852;247047;3004000000
853;0;0
854;0;0
855;0;626272000000
856;181;480000000
857;0;653652000000
858;0;0
859;0;653536000000
860;0;0
861;537547207;627452000000
862;9856;6804000000
863;9855;3744000000
864;0;629092000000
865;31;4000000
866;0;0
867;462;1144000000
868;39;1584000000
869;509441;22172000000
870;4691839;15360000000
871;168118;4372000000
872;12499;1596000000
873;3410;1176000000
874;312;8056000000
875;17116;8128000000
876;2732;644000000
877;1956;185328000000
878;97627;2460000000
879;209767;39556000000
880;344;420000000
881;15812;6680000000
882;18949;8124000000
883;6751;5996000000
884;4164;2532000000
885;441523;3160000000
886;221403;37776000000
887;0;678124000000
888;36494;17988000000
889;0;626412000000
890;43440;2536000000
891;35;4360000000
892;2480705;600940000000
893;1876079;1764000000
894;13788;8200000000
895;75;736000000
896;177;996000000
897;1;516000000
898;1582581;21288000000
899;0;0
900;373;1980000000
901;49516226;492260000000
902;14971;3492000000
903;5315;4420000000
904;239574;1796000000
905;16826;624000000
906;482081;6292000000
907;12597;3476000000
908;740977;71448000000
909;0;631276000000
910;1387;1060000000
911;0;626228000000
912;0;0
913;3119;1128000000
914;0;631340000000
915;57198;5384000000
916;5;484000000
917;274;1312000000
918;206;952000000
919;27889;2000000000
920;6;500000000
921;4;512000000
922;983;1032000000
923;6;504000000
924;6;492000000
925;5;480000000
926;4;516000000
927;305;1304000000
928;7;508000000
929;0;626284000000
930;116;600000000
931;5;480000000
932;4;500000000
933;6;516000000
934;7;488000000
935;6;492000000
936;4;508000000
937;0;626352000000
938;0;626248000000
939;6;480000000
940;5;484000000
941;7;536000000
942;7;528000000
943;405;704000000
944;6;524000000
945;6;508000000
946;4;508000000
947;7;476000000
948;108;576000000
949;380;684000000
950;7;484000000
951;5;536000000
952;32;484000000
953;7;488000000
954;6;524000000
955;4;512000000
956;7;500000000
957;7;544000000
958;1041;868000000
959;4;500000000
960;8;496000000
961;6;496000000
962;6;468000000
963;6;528000000
964;97;264000000
965;7;496000000
966;6;512000000
967;9;508000000
968;254;648000000
969;6;480000000
970;4;500000000
971;0;626316000000
972;7;520000000
973;7984;856000000
974;5;520000000
975;196;708000000
976;6;488000000
977;6;532000000
978;6;512000000
979;4;500000000
980;5;500000000
981;0;0
982;7;488000000
983;537560879;627076000000
984;312;1292000000
985;0;0
986;48;76000000
987;46;8000000
988;0;0
989;0;0
990;0;626116000000
991;0;631336000000
992;645;3132000000
993;0;626292000000
994;0;0
995;0;626356000000
996;0;626300000000
997;0;631212000000
998;0;626208000000
999;0;626388000000
1000;23012;9172000000
1001;0;626356000000
1002;0;626236000000
1003;613;528000000
1004;21495;6808000000
1005;5610;3340000000
1006;209767;48584000000
1007;345;1200000000
1008;17341;8936000000
1009;589;1344000000
1010;9789;5392000000
1011;0;631296000000
1012;60716;5260000000
1013;18950;10288000000
1014;6752;7720000000
1015;66241;16564000000
1016;24;612000000
1017;37329;11956000000
1018;54;552000000
1019;36301;4168000000
1020;0;0
1021;248454;7148000000
1022;18565;6408000000
1023;1524;624000000
1024;29757;2028000000
1025;9075;744000000
1026;8586;204000000
1027;58443;10784000000
1028;75;4000000
1029;312007;37804000000
1030;29307;1284000000
1031;167;1152000000
1032;0;0
1033;41;25568000000
1034;0;0
1035;660;596000000
1036;62227;2100000000
1037;39732;1600000000
1038;50949;5412000000
1039;2076413;25648000000
1040;3068;1088000000
1041;171132;4860000000
1042;0;631184000000
1043;0;0
1044;25809;6520000000
1045;0;512000000
1046;78924;9408000000
1047;49036;4324000000
1048;256;27680000000
1049;446136;5728000000
1050;369752;2720000000
1051;161919;1616000000
1052;543845;3628000000
1053;2870;1400000000
1054;1439;592000000
1055;5521;556000000
1056;28;536000000
1057;16;496000000
1058;11;536000000
1059;23;528000000
1060;4;496000000
1061;18023;27820000000
1062;6933;960000000
1063;8644701;88704000000
1064;1615;1060000000
1065;65;1248000000
1066;18900;10180000000
1067;70815;251792000000
1068;72359;267544000000
1069;20421;8920000000
1070;3469;676000000
1071;6616;1404000000
1072;0;631316000000
1073;0;631236000000
1074;0;642228000000
1075;41043;1280000000
1076;38;32000000
1077;0;516000000
1078;2432;1672000000
1079;0;626428000000
1080;0;626280000000
1081;86;652000000
1082;9;516000000
1083;6;488000000
1084;304;800000000
1085;0;631348000000
1086;0;631488000000
1087;4;532000000
1088;736;11204000000
1089;1965;5476000000
1090;6;4880000000
1091;889;912000000
1092;0;0
1093;30231;2444000000
1094;0;642504000000
1095;38613;6140000000
1096;274492;11688000000
1097;25;8000000
1098;0;631440000000
1099;0;631320000000
1100;0;631564000000
1101;0;631428000000
1102;0;631448000000
1103;0;631396000000
1104;0;631560000000
1105;0;631336000000
1106;0;631480000000
1107;421;8000000
1108;213541;49872000000
1109;169171;10940000000
1110;7764161;600048000000
1111;115431;54444000000
1112;0;631380000000
1113;0;631352000000
1114;0;631448000000
1115;0;631504000000
1116;0;631316000000
1117;0;628720000000
1118;0;600024000000
1119;536901526;628816000000
1120;536872000;353288000000
1121;2139;1172000000
1122;858;600000000
1123;0;631452000000
1124;19776163;51400000000
1125;52;0
1126;0;631684000000
1127;577066;4088000000
1128;32154;3320000000
1129;12783;4892000000
1130;192;520000000
1131;1737743;262108000000
1132;19502668;42744000000
1133;44814;876000000
1134;1;508000000
1135;0;0
1136;23;536000000
1137;193;536000000
1138;0;0
1139;122190;1168000000
1140;20355793;71872000000
