\begin{filecontents}{q24-ring-inter.dat}
0
0.124488
0.120918
21.773051
0.086326
16.812522
1.219612
8.823054
23.266134
4.770659
0.005405
3.209939
25.096604
0.318322
24.085222
8.721549
29.119771
0.499854
30.831093
46.836102
98.996344
385.436216
0.005755
0.039874
16.687458
0.001287
5.666837
0
0.048978
0.053418
12.607058
0.016661
14.850357
0.697245
110.204847
0.350708
0.410887
0.262891
0.172996
9.300368
7.084474
34.556167
14.428224
11.824603
0.298261
9.198312
51.02938
0.013201
0.019827
9.367895
7.109725
9.782676
3.532507
22.387064
16.419978
\end{filecontents}