\begin{filecontents}{q24-ring-bfs.dat}
0
0.126084
0.095643
19.604192
0.104682
13.646726
0.954397
3.894245
10.516521
1.405882
0.004047
2.729133
21.115662
0.247345
19.396864
5.694662
13.961933
0.484293
25.03549
33.306514
68.348444
186.388107
0.004667
0.029067
12.887467
0.001303
2.010643
0
0.041633
0.053258
9.458682
0.012512
11.059492
0.472015
43.579964
0.274805
0.28835
0.172948
0.144251
7.070362
4.864101
24.911599
9.634529
7.823985
0.257216
6.97463
25.897716
0.00934
0.009652
7.135731
4.852627
7.31118
1.835816
15.293547
9.98468
\end{filecontents}