\begin{filecontents}{q24-ring-split.dat}
0
0.156981
0.163951
0.516241
0.022701
0.470435
0.111469
13.12557
13.377465
12.592861
0.009298
0.237285
1.21107
0.038978
1.860294
0.397868
13.055901
0.023036
0.922972
8.648946
10.079634
21.989975
0.009213
0.031115
0.066353
0.00672
0.075633
0
0.008307
0.004967
0.016712
0.005951
0.072923
0.022485
16.148017
0.119903
0.166266
0.131332
0.148739
0.730195
0.611748
10.493069
9.789351
0.106282
0.187601
3.870414
1.155108
0.026501
0.024315
0.417698
0.366224
3.138759
1.155759
13.587479
11.247212
\end{filecontents}