1;15069256;61763963000
2;83086315;74620942000
3;6237;189542000
4;4553876;9609801000
5;1;206000
6;356747;1032594000
7;854168;60000347000
8;2614;120675000
9;4165;91389000
10;1788949;3262411000
11;149793;1066136000
12;188;7593000
13;34641;160716000
14;272860;651631000
15;297;28682000
16;160;14164000
17;17;1616000
18;469;13236000
19;26278;87024000
20;8456;83747000
21;1464949;3081857000
22;1;247000
23;661;13448000
24;12939;34805000
25;35303;257489000
26;37445;104222000
27;35302;254434000
28;713841;60000284000
29;18620;414236000
30;177;11672000
31;32106048;60194609000
32;130444;640724000
33;742103;1718243000
34;2538;37817000
35;40453;230351000
36;1738;27115000
37;0;0
38;16735660;60001353000
39;0;0
40;0;0
41;6966273;5197953000
42;590522;1005381000
43;3268576;61807403000
44;10053065;14890559000
45;4174;56481000
46;80380465;77321917000
47;1405;49589000
48;1627;63741000
49;440579;1299785000
50;11387;137414000
51;240;9986000
52;31;1728000
53;795680;1004210000
54;1409679;4892488000
55;50949;192482000
56;15424797;61764057000
57;1398844;60862766000
58;15118086;61841756000
59;1463472;60847343000
60;4746128;60000247000
61;2024347;7316510000
62;768895;60018434000
63;10301063;60025904000
64;38656604;60011543000
65;190233;362418000
66;0;200000
67;8408;212558000
68;1399762;60011254000
69;187322;521064000
70;156659;507460000
71;206934;6009550000
72;163270;538550000
73;129;3793000
74;4;231000
75;1;153000
76;247463;689483000
77;47471413;58476949000
78;144269;295348000
79;127222;61005532000
80;77554378;78788061000
81;7184;176645000
82;9987;201463000
83;3630;58289000
84;51210;551109000
85;4691841;4929996000
86;38254;247824000
87;11094725;31132758000
88;3;528000
89;413;8238000
90;4701;29050000
91;40;1189000
92;76;1786000
93;4;486000
94;6;563000
95;245;6569000
96;2872394;44359662000
97;1116125;3208841000
98;1464948;3064120000
99;3;545000
100;230;35356000
101;13;854000
102;12212937;65000808000
103;4692464;4404511000
104;517;5505000
105;7873341;60000388000
106;1380014;4945579000
107;293233;935625000
108;2818;44033000
109;93;1212000
110;4940574;7434936000
111;319;5363000
112;12250591;60001817000
113;0;0
114;0;0
115;0;0
116;72360;609921000
117;0;0
118;1;210000
119;209809;4188059000
120;0;0
121;437999;2058658000
122;0;0
123;11713;47701000
124;12156184;60000441000
125;455640;2182838000
126;3411;36590000
127;12309;51271000
128;299487;572531000
129;1157810;5729321000
130;2861;21694000
131;57199;203165000
132;2360;40076000
133;0;0
134;4692051;3767995000
135;5035;45933000
136;15813;155085000
137;3361;33361000
138;528324;1963743000
139;488345;1388079000
140;337115;707870000
141;376;5035000
142;8280782;24235897000
143;1750;13750000
144;1173674;60018227000
145;20422;420180000
146;72360;688224000
147;156562;596630000
148;42475;146979000
149;0;0
150;1211;23653000
151;8;448000
152;296;7221000
153;27686;213701000
154;159;3151000
155;20704;80369000
156;0;0
157;5;581000
158;44943;254291000
159;38964;158341000
160;14837;62466000
161;1863;30198000
162;9663545;14087542000
163;359864;920914000
164;18979;102529000
165;412236;1336997000
166;0;192000
167;9433;92631000
168;13724;78049000
169;13489;31150000
170;841202;2610807000
171;409;3492000
172;0;0
173;10600;34106000
174;0;0
175;13047;69985000
176;3750407;60897889000
177;3195796;60767052000
178;1873027;60388626000
179;9563;98799000
180;10600;44802000
181;8010;74352000
182;4304;45339000
183;2076413;2725873000
184;12278;166950000
185;578301;576772000
186;521;9799000
187;578298;553334000
188;1743;25226000
189;12530;59475000
190;67604386;68279264000
191;1708368;26979831000
192;380;9370000
193;838216;1199208000
194;6877505;23442666000
195;15440;84092000
196;953843;849913000
197;0;0
198;13984;30414000
199;6114;37087000
200;368;9200000
201;8212907;63191772000
202;116682;342360000
203;60;2596000
204;8652542;14277482000
205;211701;479830000
206;2468;19565000
207;71907;212698000
208;0;0
209;2467;16188000
210;217;2929000
211;8030;70149000
212;268;3741000
213;5146;34616000
214;421927;749299000
215;18241;61358000
216;3459;23582000
217;22;1001000
218;9;390000
219;2177;28361000
220;25;672000
221;510;4059000
222;0;165000
223;0;132000
224;4776;23662000
225;555;1334000
226;264720;671112000
227;330;4797000
228;1159;12073000
229;15269;40701000
230;0;0
231;0;0
232;0;0
233;0;0
234;54;2029000
235;712;9407000
236;195;110716000
237;1724149;2307491000
238;0;0
239;18270;69367000
240;0;0
241;363612;449590000
242;2728;38435000
243;98055;218650000
244;169172;549978000
245;5276;46340000
246;504;9047000
247;81536;317139000
248;331748;629643000
249;63529;321400000
250;41033;94187000
251;772265;445876000
252;29564;103652000
253;57;2725000
254;1287934;1507674000
255;22622;79880000
256;2763149;5720253000
257;0;200000
258;0;508000
259;0;133000
260;0;134000
261;0;139000
262;35942;112264000
263;34;485000
264;3792;43704000
265;677;4534000
266;679;10195000
267;312;6024000
268;0;0
269;7595;21182000
270;641298;2738985000
271;128525;352005000
272;29620;134486000
273;554525;2387533000
274;63;2081000
275;1131709;4348218000
276;87962;378740000
277;111390;898330000
278;3545042;8516866000
279;407;6884000
280;37571;313325000
281;644829;1093043000
282;11659364;60003960000
283;1090;29830000
284;3994704;46399465000
285;19081282;9509637000
286;100624;478689000
287;613238;1535190000
288;5713;57400000
289;909856;725067000
290;412235;1371264000
291;110522;673669000
292;1467;10677000
293;21;819000
294;1878302;27089805000
295;1386472;60000428000
296;35943;248961000
297;356746;1259520000
298;1792285;60000466000
299;0;0
300;88042;747621000
301;7423049;12474853000
302;13278464;27152571000
303;949234;4019248000
304;12146453;60000583000
305;311734;61024233000
306;234587;1227012000
307;412296;1509153000
308;525636;548502000
309;525635;509475000
310;8041;37839000
311;1157810;5607205000
312;841203;2628193000
313;1;168000
314;8967;151999000
315;40636969;60020692000
316;347;2572000
317;569514;497871000
318;0;0
319;0;0
320;12712351;61027288000
321;31012048;25485867000
322;1;189000
323;290;6029000
324;268;5002000
325;8628;79235000
326;1099106;3636306000
327;92611;219322000
328;4164;32285000
329;21;402000
330;82;1099000
331;0;0
332;0;138000
333;613392;25711101000
334;50949;246703000
335;848022;3351539000
336;44;1999000
337;530438;1212961000
338;33855914;70131228000
339;24232146;67449904000
340;0;0
341;67901458;84800249000
342;74066550;86180752000
343;48386212;49186155000
344;850776;631318000
345;27;1131000
346;57;1752000
347;221404;1255237000
348;5729;73169000
349;2475500;2407545000
350;156660;444963000
351;4314;56951000
352;33;1291000
353;44;745000
354;1112;16844000
355;0;0
356;4733;34676000
357;99;1513000
358;28899;233292000
359;26;943000
360;44;673000
361;19296628;60008548000
362;4426;18484000
363;46886;101608000
364;48205506;77352465000
365;211;11343000
366;4693110;4060647000
367;5568;57978000
368;7507;47239000
369;34114805;60049545000
370;19395101;66094550000
371;83573191;77988936000
372;82965703;78544249000
373;36473444;66571985000
374;11599618;60005809000
375;0;0
376;0;0
377;0;0
378;0;227000
379;0;0
380;995;5526000
381;82712;429365000
382;147;2717000
383;2224;28881000
384;1802;11652000
385;497;4719000
386;295;3413000
387;4709184;3810339000
388;6088295;7552517000
389;14425;95031000
390;106609;666713000
391;365678;995022000
392;829360;2543926000
393;2;266000
394;14747;103771000
395;41423;182834000
396;20634;123182000
397;11499438;63510973000
398;47;5384000
399;256677;1714870000
400;254;4105000
401;6124409;7874343000
402;1735828;3017818000
403;5013;40030000
404;45494;195545000
405;5873;61793000
406;995;5891000
407;2;212000
408;179;3290000
409;93;1694000
410;6;202000
411;386533;1212285000
412;65289;321985000
413;13;521000
414;53;1299000
415;20713953;11541564000
416;0;0
417;64062;1571431000
418;12127552;60000176000
419;190926;4712444000
420;90164;2156117000
421;41071;140612000
422;218172;522983000
423;135998;361175000
424;3092;23361000
425;2205096;12443484000
426;4169196;2948489000
427;127305;195552000
428;19416115;60004450000
429;3771;37076000
430;39163;40337000
431;1409684;26934905000
432;7327;37228000
433;9;279000
434;3614;154701000
435;889;12515000
436;38612;116716000
437;0;0
438;95356;399529000
439;0;0
440;905;10255000
441;25442;126359000
442;3082;42866000
443;25441;118809000
444;111;1301000
445;688807;1316877000
446;4378664;62178091000
447;310559;887402000
448;41422;174044000
449;22117;253952000
450;244;6833000
451;16238;148709000
452;53488;474118000
453;4227080;62014669000
454;5;864000
455;239;10721000
456;481;12623000
457;9951;125183000
458;225;3142000
459;621;5671000
460;41386;232569000
461;22588;96519000
462;33687733;29876664000
463;8297;50834000
464;61366;234846000
465;18;658000
466;402;7386000
467;27;832000
468;111;2296000
469;21;434000
470;219;4258000
471;18;542000
472;755934;2340982000
473;0;0
474;4207735;14590516000
475;256585;907263000
476;47016;382285000
477;465560;908938000
478;8964;221760000
479;96;1286000
480;1325127;1664357000
481;0;0
482;0;0
483;0;0
484;11620859;63715142000
485;641299;3405758000
486;538839;2370725000
487;538838;2352914000
488;54135;270004000
489;47898;247741000
490;0;0
491;71468;527728000
492;848022;3437835000
493;106609;658961000
494;200567;7586738000
495;191616;403310000
496;1446982;3177068000
497;139;4260000
498;2189;28147000
499;376;6533000
500;222295;674465000
501;1042900;1001898000
502;17213;72812000
503;4685;37747000
504;17477;83577000
505;2326;23396000
506;1657076;5194874000
507;30232;122337000
508;30231;119383000
509;0;0
510;6563;29124000
511;2539057;1864974000
512;69548;113954000
513;4;350000
514;4097299;3029328000
515;1090;5235000
516;10515;38448000
517;66240;584129000
518;4611085;28960350000
519;2284436;51752237000
520;7180;77616000
521;4166203;4286499000
522;938;15359000
523;1425;7844000
524;1031036;2716823000
525;11;314000
526;15;572000
527;16;404000
528;14;294000
529;14;298000
530;11;329000
531;11;306000
532;1383;27634000
533;15;473000
534;16;348000
535;13;412000
536;13;290000
537;0;135000
538;5517;30854000
539;20053;124747000
540;4648263;9588448000
541;28604947;19407665000
542;822846;1247472000
543;86;1821000
544;215018;669093000
545;809015;1052014000
546;5810;104401000
547;819856;1183926000
548;165986;528800000
549;447540;1220700000
550;5850;106545000
551;177;2959000
552;46;423000
553;46;310000
554;466096;268858000
555;99516;377671000
556;233608;613513000
557;1381;28407000
558;0;0
559;8754;89093000
560;829284;2344026000
561;1468;15560000
562;1672;32035000
563;36;1508000
564;45;12660000
565;18240;70559000
566;855;11017000
567;793;10719000
568;1828;17119000
569;749;10331000
570;984;11289000
571;446;6827000
572;290158;692479000
573;2831;41701000
574;79893;233816000
575;5066;385171000
576;14648;128476000
577;30;1203000
578;45;1704000
579;25831;91347000
580;482025;1181143000
581;2820;66790000
582;47470679;46070697000
583;4184317;5511828000
584;810813;1079072000
585;138961;480923000
586;0;181000
587;1657076;5186784000
588;1131934;2966957000
589;6648419;12428585000
590;447708;1345142000
591;977469;1334919000
592;20367;32274000
593;15354;74507000
594;39771819;32107415000
595;0;194000
596;136415;461424000
597;1398244;4161892000
598;1657076;5137798000
599;16103;183247000
600;1657076;5717088000
601;6970044;5236608000
602;1657076;5152379000
603;23040;112876000
604;6190;53119000
605;1213129;2612695000
606;1658042;5169554000
607;18;1768000
608;164;2759000
609;13;391000
610;30;523000
611;3366299;3971157000
612;0;179000
613;819856;1263076000
614;819861;1281002000
615;559997;403295000
616;1189994;997325000
617;822851;1239527000
618;31012200;25499179000
619;795680;932206000
620;65882;120439000
621;4357;26489000
622;76925;298507000
623;0;219000
624;27436;54099000
625;888;10743000
626;254;2220000
627;346814;448133000
628;608;13704000
629;822846;1241628000
630;0;0
631;766339;686556000
632;0;0
633;7439;236892000
634;578299;557249000
635;38003;371895000
636;582322;589337000
637;601379;794227000
638;594069;320298000
639;18875;33171000
640;4125;32548000
641;36935;106583000
642;2531;21700000
643;901;6894000
644;4692285;3780821000
645;52095;258050000
646;0;0
647;11759;82410000
648;34;768000
649;1456;16376000
650;18645;96993000
651;1;188000
652;16;1995000
653;27857053;18035191000
654;819869;1190183000
655;6970044;5188994000
656;38202724;35449505000
657;3179;27495000
658;205;1081000
659;27872087;17530984000
660;14410;69285000
661;14314;70416000
662;588;9208000
663;384160;489863000
664;5489;70773000
665;33549;76977000
666;10361;59030000
667;33002;194129000
668;3;396000
669;1287864;1893899000
670;6852;67800000
671;14591;28324000
672;0;0
673;16641;196435000
674;9456;103765000
675;5671277;60002805000
676;0;0
677;221403;1308987000
678;80;2335000
679;19309301;60008837000
680;9457;96044000
681;3;272000
682;18624;38087000
683;56243;228105000
684;440580;719245000
685;49968;554386000
686;32913082;27686788000
687;383;17356000
688;1960650;4702627000
689;81877;304321000
690;6921738;11164751000
691;4052292;20087683000
692;326322;543944000
693;8;985000
694;1397;22210000
695;374;5963000
696;2005;25360000
697;10940844;43919857000
698;33;2418000
699;19276866;32088194000
700;301435;1011719000
701;255;8456000
702;4591;47688000
703;3472;15130000
704;12745;87716000
705;1;179000
706;62;1937000
707;13787;147200000
708;578;9694000
709;36959940;68426707000
710;291;3771000
711;2329075;4159885000
712;4509;32963000
713;2010519;10840827000
714;521573;3108679000
715;1277756;1591506000
716;2823;32235000
717;0;0
718;0;0
719;44986790;32582642000
720;42452657;74402823000
721;1571;38627000
722;3;284000
723;27957966;19543135000
724;15102477;62554183000
725;45024630;60028486000
726;9947;26525000
727;1635329;60000381000
728;33423733;60020277000
729;4738109;5165871000
730;28485;128674000
731;818;13691000
732;102;2715000
733;518;2555000
734;14406;63328000
735;151;2844000
736;5;321000
737;176030;619612000
738;1628;17812000
739;60165;237578000
740;52;1026000
741;108;3982000
742;52378;311887000
743;588251;7780928000
744;181;3246000
745;606;7139000
746;167;2398000
747;11844;29926000
748;11845;28101000
749;0;0
750;200;2061000
751;1074;15111000
752;2665;12865000
753;0;0
754;2939;12974000
755;164077;197692000
756;1070;15082000
757;184;4950000
758;240007;687228000
759;2962762;60000440000
760;4704668;60067376000
761;346275;1265360000
762;8751459;60000581000
763;7902576;62999883000
764;4224;77712000
765;7494174;16129192000
766;4695148;4585948000
767;1737742;8060434000
768;1074;5997000
769;340110;729974000
770;1736098;3143111000
771;24;1212000
772;12;727000
773;11583713;61021253000
774;0;50000
775;7494174;16648815000
776;94;2487000
777;157616;193276000
778;11087;58658000
779;11579227;63541659000
780;11411427;63512285000
781;0;0
782;554773;6105488000
783;45494;273668000
784;511921;1554085000
785;5163535;20733178000
786;4964508;30483833000
787;894571;1419364000
788;0;0
789;535515;1602844000
790;0;0
791;303191;413334000
792;11887;114543000
793;530439;1375604000
794;447;6294000
795;0;0
796;134802;426163000
797;26851;4871334000
798;58;629000
799;4693439;4545069000
800;263562;352323000
801;263446;352329000
802;2379;64911000
803;1933;45379000
804;926;19867000
805;538128;2454704000
806;17095098;61024888000
807;22;1912000
808;37328;517262000
809;120495;717209000
810;801683;4738456000
811;1175;18851000
812;120496;453485000
813;93766;151639000
814;2727;39544000
815;8660;91062000
816;567612;2193057000
817;559996;418546000
818;1073;16928000
819;557136;371258000
820;594068;327312000
821;53;1364000
822;39981;143004000
823;638855;1015252000
824;38599;131922000
825;0;203000
826;51447;241910000
827;2078653;3331118000
828;54017909;70141515000
829;6884;142274000
830;9788;179973000
831;1173;18369000
832;23792;81769000
833;214069;624229000
834;614;12676000
835;28484;161286000
836;588;10735000
837;17340;199716000
838;898106;5688735000
839;2498087;9359439000
840;0;0
841;53;2346000
842;49299565;64562078000
843;0;0
844;0;0
845;1818;13613000
846;328;6257000
847;374710;408336000
848;56513;241998000
849;1172;91526000
850;2188;17039000
851;424579;944260000
852;247047;462185000
853;4691808;2465834000
854;569369;7915531000
855;9802184;28927348000
856;181;2643000
857;1712805;25039695000
858;8017437;60000441000
859;1712805;25711880000
860;14872923;60000355000
861;14067119;60000369000
862;9856;189263000
863;9855;56594000
864;7833;375749000
865;31;1889000
866;22280;382585000
867;462;13635000
868;39;798000
869;509441;1737298000
870;4691839;3510882000
871;168118;520153000
872;12499;120203000
873;3410;33155000
874;312;5614000
875;17116;69329000
876;2732;12783000
877;1956;27804712000
878;97627;207613000
879;209767;1259963000
880;344;6673000
881;15812;145042000
882;18949;188081000
883;6751;88951000
884;4164;31545000
885;441523;512644000
886;221403;1243227000
887;4914218;60004765000
888;36494;216738000
889;1472;83436000
890;43440;201854000
891;35;7247000
892;2506698;44021801000
893;1876079;11064424000
894;13788;141125000
895;75;1871000
896;177;3122000
897;1;121000
898;1582581;1977596000
899;0;39000
900;373;5565000
901;34781498;66196665000
902;14971;173875000
903;5315;142068000
904;239574;568691000
905;16826;23814000
906;482081;689913000
907;12597;53180000
908;740977;1848831000
909;4;825000
910;1387;17191000
911;22;958000
912;0;0
913;3119;6849000
914;4;405000
915;57198;142319000
916;5;733000
917;274;4307000
918;206;4058000
919;28083;50755000
920;6;625000
921;4;406000
922;983;12183000
923;6;418000
924;6;314000
925;5;255000
926;4;318000
927;305;2556000
928;7;453000
929;31;1116000
930;116;2472000
931;5;326000
932;4;317000
933;6;336000
934;7;406000
935;6;315000
936;4;245000
937;20;487000
938;25;571000
939;6;287000
940;5;260000
941;7;508000
942;7;381000
943;405;5041000
944;6;330000
945;6;279000
946;4;261000
947;7;371000
948;108;1719000
949;380;4098000
950;7;362000
951;5;315000
952;32;1043000
953;7;364000
954;6;262000
955;4;256000
956;7;329000
957;7;289000
958;1041;8277000
959;4;278000
960;8;430000
961;6;293000
962;6;297000
963;6;281000
964;97;670000
965;7;328000
966;6;268000
967;9;300000
968;254;2284000
969;6;261000
970;4;287000
971;31;775000
972;7;340000
973;7984;62292000
974;5;423000
975;196;3712000
976;6;373000
977;6;340000
978;6;278000
979;4;263000
980;5;306000
981;0;50000
982;7;377000
983;8385881;60000267000
984;312;20304000
985;0;0
986;48;4270000
987;46;2757000
988;0;0
989;10498;88535000
990;21;1458000
991;4;725000
992;645;76541000
993;26;1699000
994;0;0
995;22;566000
996;27;723000
997;2;353000
998;21;780000
999;22;583000
1000;23012;188625000
1001;28;910000
1002;31;743000
1003;613;18379000
1004;21495;68260000
1005;5610;71682000
1006;209768;1606801000
1007;345;6934000
1008;17341;181126000
1009;589;11051000
1010;9789;98353000
1011;6;788000
1012;60716;206744000
1013;18950;189676000
1014;6752;89722000
1015;66241;627505000
1016;24;1051000
1017;37329;216520000
1018;54;759000
1019;36301;288383000
1020;0;0
1021;248454;1368538000
1022;18565;97152000
1023;1524;13637000
1024;29757;208922000
1025;9075;68575000
1026;8899;26254000
1027;58443;327508000
1028;75;1489000
1029;312007;835089000
1030;29307;202259000
1031;167;2714000
1032;134002;9275140000
1033;41;2354000
1034;0;0
1035;660;5142000
1036;62227;307475000
1037;39732;174312000
1038;50949;225078000
1039;2076413;2802331000
1040;3068;18054000
1041;171132;464355000
1042;8;759000
1043;0;0
1044;25809;119214000
1045;0;183000
1046;78924;459679000
1047;49036;226938000
1048;256;7264000
1049;446136;573548000
1050;369752;371450000
1051;161919;234136000
1052;543845;565000000
1053;2870;29711000
1054;1439;15445000
1055;5521;19173000
1056;28;1018000
1057;16;651000
1058;11;526000
1059;23;930000
1060;4;309000
1061;18023;103128000
1062;6933;58177000
1063;8644701;13958702000
1064;1615;13180000
1065;65;2155000
1066;18900;197928000
1067;70816;566228000
1068;72360;595729000
1069;20421;194458000
1070;3469;19470000
1071;6616;59639000
1072;8;770000
1073;5;384000
1074;117273;5456691000
1075;41043;272846000
1076;38;1982000
1077;0;173000
1078;2432;27497000
1079;35;1609000
1080;105524;767837000
1081;86;2238000
1082;9;705000
1083;6;415000
1084;304;4781000
1085;4;494000
1086;822887;11305852000
1087;4;425000
1088;736;13252000
1089;1965;28063000
1090;6;410000
1091;889;18910000
1092;0;0
1093;30739;154631000
1094;4693141;4818936000
1095;38613;112488000
1096;274925;1453621000
1097;25;1340000
1098;9;449000
1099;9;353000
1100;8;312000
1101;8;304000
1102;7;325000
1103;8;299000
1104;10;320000
1105;9;381000
1106;9;351000
1107;421;10151000
1108;213541;2530662000
1109;169171;537482000
1110;20768123;18108863000
1111;115431;3174078000
1112;9;667000
1113;8;363000
1114;8;346000
1115;8;354000
1116;7;389000
1117;34983480;66240734000
1118;9735200;49788087000
1119;36651;1132887000
1120;1690;90426000
1121;2139;39412000
1122;858;6830000
1123;4;608000
1124;19776163;9841900000
1125;52;379000
1126;5;570000
1127;577066;419937000
1128;32154;170508000
1129;12783;59993000
1130;192;4749000
1131;1737743;7995220000
1132;19502866;9873262000
1133;44814;519578000
1134;1;215000
1135;0;0
1136;23;1621000
1137;193;5886000
1138;0;0
1139;122190;191766000
1140;20355793;11300579000
1141;6;1060000
1142;2141;14063000
1143;278;6228000
1144;10;45000
1145;57437;223317000
1146;7727642;38758871000
1147;10858;132607000
1148;18;1701000
1149;6;470000
1150;421367;2174273000
1151;4;562000
1152;23;457000
1153;99495;692062000
1154;16480;3539181000
1155;399289;568937000
1156;2484925;12811592000
1157;386534;884209000
1158;5289;857766000
1159;4;575000
1160;10;552000
1161;0;0
1162;6108;17084000
1163;4;523000
1164;649;16315000
1165;14691;67863000
1166;1891308;2510205000
1167;174;5001000
1168;174;2746000
1169;174;2607000
1170;174;2598000
1171;2159;19189000
1172;0;0
1173;9511;66688000
1174;0;0
1175;2521730;10584956000
1176;33857;117882000
1177;9;417000
1178;214091;449376000
1179;10334407;19642331000
1180;279875;1137146000
1181;2128;25760000
1182;235386;1317521000
1183;60175;238470000
1184;1;22000
1185;3627;21447000
1186;71;422000
1187;9182877;12824763000
1188;1485701;6358192000
1189;120982;357319000
1190;8;844000
1191;176029;594887000
1192;2521504;11425975000
1193;1026901;1165472000
1194;5;914000
1195;4;362000
1196;3220;37272000
1197;1891308;2960208000
1198;0;0
1199;0;0
1200;27;1200000
1201;308678;621337000
1202;0;0
1203;9907;84198000
1204;8217877;37745658000
1205;14952;81798000
1206;0;0
1207;6919813;11181407000
1208;50949;179220000
1209;765;12327000
1210;4;622000
1211;245496;411112000
1212;245219;391832000
1213;0;0
1214;134;904000
1215;5;576000
1216;7;565000
1217;0;0
1218;27333;115624000
1219;45493;201925000
1220;1335396;7403734000
1221;149793;998945000
1222;188;5375000
1223;1786;19824000
1224;3535;46315000
1225;57065;576347000
1226;57066;567567000
1227;3;517000
1228;7;546000
1229;4469;27925000
1230;7;299826000
1231;18727;75145000
1232;0;0
1233;1130260;2958435000
1234;6257;37926000
1235;28305;154419000
1236;2112748;11740698000
1237;6590;47307000
1238;4;599000
1239;71190145;75327391000
1240;42073;182514000
1241;682;37091000
1242;210205;3696049000
1243;4;550000
1244;0;0
1245;6094;75045000
1246;23;846000
1247;8;292000
1248;71266;103263000
1249;577;9303000
1250;9735200;50831088000
1251;14902117;56244553000
1252;263445;1285360000
1253;605312;14102584000
1254;188098;416236000
1255;13643;15343000
1256;15;492000
1257;1457;21911000
1258;143619;6722199000
1259;4;617000
1260;102;6709000
1261;8;735000
1262;446067;2519203000
1263;6125914;33206593000
1264;19;861000
1265;55823;773016000
1266;96374;427116000
1267;9;597000
1268;0;0
1269;103;1126000
1270;3119;8618000
1271;0;0
1272;9;798000
1273;278569;2214654000
1274;381;3634000
1275;288;735000
1276;0;0
1277;11380;16220000
1278;100;2226000
1279;7741;79890000
1280;3530;31776000
1281;3;437000
1282;6;440000
1283;41583;70666000
1284;179;533000
1285;324130;1286089000
1286;21;1013000
1287;6;497000
1288;4169196;2484979000
1289;1399;9955000
1290;426;3666000
1291;1043041;1202628000
1292;24256;54201000
1293;1718198;13426623000
1294;1539328;12533669000
1295;0;0
1296;64;862000
1297;684;4151000
1298;28537904;60013915000
1299;14911584;62603639000
1300;10089284;33897258000
1301;191742;488281000
1302;63316;644982000
1303;680;9418000
1304;39474961;40054009000
1305;7259361;27864229000
1306;1248521;60000236000
1307;57479522;71152580000
1308;0;0
1309;15285;206515000
1310;12544;178019000
1311;7712;117238000
1312;44797;350128000
1313;2395;52888000
1314;190;2514000
1315;10;889000
1316;1869;33317000
1317;25;968000
1318;8;329000
1319;28;768000
1320;746;14288000
1321;667740;1465346000
1322;41310;347915000
1323;3305;43828000
1324;2662;42329000
1325;6;884000
1326;843;12915000
1327;841;10540000
1328;520;28741000
1329;1290794;11374208000
1330;446067;10540968000
1331;7592;40368000
1332;5337;27165000
1333;27950;134996000
1334;11847;50034000
1335;834653;4350760000
1336;1094869;2670013000
1337;60477;310311000
1338;378;8482000
1339;0;0
1340;879;2874000
1341;91;382000
1342;353;665000
1343;233;563000
1344;554226;2963067000
1345;7194529;60000502000
1346;1759441;7530735000
1347;1999;38879000
1348;11;1030000
1349;212;3721000
1350;3389749;6435645000
1351;5;872000
1352;5;545000
1353;81;496000
1354;93;456000
1355;290;722000
1356;0;0
1357;0;0
1358;2530446;5957611000
1359;60028;259215000
1360;63475035;64654718000
1361;103869027;77968078000
1362;637;14799000
1363;46;1082000
1364;1131899;5156231000
1365;1119406;5042531000
1366;1043990;4723286000
1367;307933;1495854000
1368;246620;1268950000
1369;6447;75991000
1370;253381;3692213000
1371;1;150000
1372;1;119000
1373;79;2617000
1374;195743;830467000
1375;6;905000
1376;0;0
1377;574358;3217364000
1378;208779;652255000
1379;109;3946000
1380;7;1987000
1381;35;4577000
1382;5;832000
1383;1;309000
1384;2882264;3694717000
1385;614;15049000
1386;121992;320523000
1387;433384;1052415000
1388;1574;10224000
1389;4924;8156000
1390;81;1888000
1391;4;605000
1392;31430851;26189875000
1393;2865683;3672871000
1394;31370;29403000
1395;258332;272007000
1396;1931265;60023517000
1397;2109464;1849135000
1398;12;1258000
1399;2861;2056000
1400;731;13162000
1401;115;4805000
1402;4938341;7177311000
1403;1863;10394000
1404;6;850000
1405;1;143000
1406;438811;1845118000
1407;129650;448334000
1408;64013431;71502732000
1409;740977;2391619000
1410;59509;294531000
1411;180281;1074517000
1412;6;911000
1413;6;503000
1414;6204;239861000
1415;582496;618578000
1416;570836;497429000
1417;582398;591366000
1418;23053;81644000
1419;0;0
1420;3220;28881000
1421;305;7104000
1422;144264;149859000
1423;134;2750000
1424;71;735000
1425;1893498;3468171000
1426;126;3715000
1427;306;3735000
1428;12;338000
1429;1378;18122000
1430;57;1466000
1431;82092;309110000
1432;18964;98160000
1433;13496;73955000
1434;6;621000
1435;204;4139000
1436;244;4882000
1437;13;708000
1438;5953;15505000
1439;222294;608753000
1440;28281;145213000
1441;74066550;83990648000
1442;9969989;12714236000
1443;15127;41504000
1444;7;1048000
1445;1893499;3581700000
1446;203075;719113000
1447;838216;821162000
1448;195703;535684000
1449;247163;607716000
1450;195693;177796000
1451;114299;159017000
1452;3134;32867000
1453;1893289;3407641000
1454;6965921;5653018000
1455;838408;1200612000
1456;592;2916000
1457;925;48649000
1458;207207;613646000
1459;19972;127933000
1460;43307;190781000
1461;10;917000
1462;26215;224110000
1463;33540;160332000
1464;24;888000
1465;1474;1914000
1466;2740;2597000
1467;2162;6184000
1468;0;171000
1469;16;717000
1470;1;487000
1471;1;294000
1472;2525960;11462208000
1473;10140973;18914470000
1474;2279;47792000
1475;0;0
1476;0;0
1477;540118;2497794000
1478;6;1014000
1479;0;0
1480;319881;1067391000
1481;4;485000
1482;1084;20612000
1483;1380014;4039758000
1484;13795;82174000
1485;10072;33329000
1486;369;897000
1487;85488;305331000
1488;6;692000
1489;4;367000
1490;800;9055000
1491;1474661;3126384000
1492;1;202000
1493;15979;294095000
1494;10425;19495000
1495;7727642;38714157000
1496;792;21844000
1497;0;969000
1498;3635;50068000
1499;2788;66392000
1500;14;880000
1501;5744339;22143789000
1502;0;0
1503;417472;2022966000
1504;39186;224553000
1505;211;4180000
1506;20591;90662000
1507;484414;2085469000
1508;6;1037000
1509;3;348000
1510;4;343000
1511;267;7097000
1512;34;262000
1513;11544454;63541320000
1514;32170949;65877158000
1515;14255591;63107021000
1516;323;1759000
1517;242842;1607283000
1518;6;1159000
1519;2957;44544000
1520;1;206000
1521;22961;190813000
1522;1513;25980000
1523;1750;18323000
1524;559996;424958000
1525;34282;161450000
1526;2369;27842000
1527;4;502000
1528;2;228000
1529;589;9368000
1530;256728;799847000
1531;220;2923000
1532;47834;216480000
1533;369;8416000
1534;68013;228781000
1535;933;6178000
1536;199974;408272000
1537;3254;30623000
1538;6;536000
1539;13;1204000
1540;49;1450000
1541;357296;1061058000
1542;72110;243518000
1543;18;4596000
1544;100669353;76938048000
1545;37;6768000
1546;37;679000
1547;37;640000
1548;34;918000
1549;7832786;60026716000
1550;13670662;60010517000
1551;1;166000
1552;0;60217627000
1553;4;768000
1554;34281;182665000
1555;7776;57620000
1556;5;681000
1557;5;529000
1558;5;400000
1559;0;5762000
1560;33451;139798000
1561;12277;24674000
1562;5344008;61481475000
1563;70820;582759000
1564;1669;44475000
1565;37824;285504000
1566;16474;79601000
1567;347;4279000
1568;0;0
1569;0;0
1570;8348619;60000216000
1571;524968;1090711000
1572;2415;33729000
1573;36;806000
1574;1648020;7409257000
1575;23;1728000
1576;65;3595000
1577;0;0
1578;220;7711000
1579;0;0
1580;12465;60664000
1581;19048438;23722213000
1582;19048438;22910467000
1583;3731307;9793318000
1584;22810;195255000
1585;10279;127016000
1586;0;0
1587;11847;81540000
1588;2034862;4782386000
1589;110136;237783000
1590;1659373;2109027000
1591;346760;450321000
1592;19081280;8907112000
1593;38588;38215000
1594;6289136;60000493000
1595;7245828;60001154000
1596;541;14882000
1597;1248464;7522448000
1598;44667;119135000
1599;5530;60521000
1600;5184;49272000
1601;2132;15473000
1602;5408;41292000
1603;2172;14556000
1604;5408;40333000
1605;2172;15183000
1606;5531;40812000
1607;18;950000
1608;18;318000
1609;5407;42691000
1610;2171;15388000
1611;2365;18924000
1612;2904;21160000
1613;14;347000
1614;13;318000
1615;5183;39873000
1616;2131;15630000
1617;13;315000
1618;8;346000
1619;39;1244000
1620;6;303000
1621;647450;2672089000
1622;4692051;3482833000
1623;62;1720000
1624;61;959000
1625;6889;30703000
1626;37408;200422000
1627;24970;102866000
1628;525037;744822000
1629;10549966;25868040000
1630;346760;471462000
1631;1394754;15298000000
1632;8;397000
1633;0;0
1634;8904;123829000
1635;0;0
1636;14190648;60000488000
1637;4;915000
1638;5183;46621000
1639;2131;15903000
1640;512;18727000
1641;117;6444000
1642;92;4721000
1643;29;1973000
1644;12;869000
1645;667;19868000
1646;1570;53689000
1647;10668;132918000
1648;70815;604885000
1649;7097;19618000
1650;738462;1584934000
1651;738462;1040234000
1652;73;2137000
1653;7504;76045000
1654;98041;424838000
1655;26376;264775000
1656;12309;52149000
1657;4704491;30095766000
1658;1;259000
1659;1;129000
1660;8892678;62266482000
1661;2109463;1883758000
1662;1;808000
1663;0;0
1664;0;0
1665;5;274000
1666;666;7275000
1667;1;156000
1668;26743;276719000
1669;2058;25912000
1670;1072;15025000
1671;7503;69677000
1672;123727;672153000
1673;689863;1477194000
1674;322;6996000
1675;97408;925905000
1676;2537;26646000
1677;6;1159000
1678;0;0
1679;0;0
1680;0;0
1681;0;0
1682;138;2857000
1683;9;710000
1684;3;288000
1685;1427;9436000
1686;23;756000
1687;70816;565997000
1688;1;162000
1689;0;0
1690;3448;38045000
1691;126;2591000
1692;500;6303000
1693;906;8247000
1694;0;0
1695;0;0
1696;5561;27951000
1697;1;165000
1698;4;269000
1699;8379063;60000179000
1700;0;0
1701;40432071;60009246000
1702;6735634;62796790000
1703;1778964;61348513000
1704;45374;320601000
1705;0;0
1706;16;964000
1707;843865;1385582000
1708;6804;45542000
1709;232409;768777000
1710;4;800000
1711;4;477000
1712;5;497000
1713;210708;422175000
1714;670831;1290558000
1715;1;839000
1716;4;292000
1717;0;0
1718;4;422000
1719;0;0
1720;0;0
1721;6;569000
1722;1257224;5546531000
1723;0;0
1724;1272;16502000
1725;1318804;4000865000
1726;5038162;16744612000
1727;5636506;19532660000
1728;853178;3015451000
1729;20;3424000
1730;19;737000
1731;18;671000
1732;17;533000
1733;10548219;26009566000
1734;102428;3507158000
1735;57438;212616000
1736;1;6946000
1737;524;13336000
1738;0;4066000
1739;23013;84169000
1740;37731;231045000
1741;581320;5358481000
1742;160279;462303000
1743;449;1912000
1744;14313;70444000
1745;11292762;60000265000
1746;14313;69501000
1747;3217;1076376000
1748;689909;1757465000
1749;90;36856000
1750;5179;67255000
1751;574358;3459813000
1752;43788;319363000
1753;1105526;39119216000
1754;41163;118511000
1755;5;997000
1756;0;0
1757;9071573;8512553000
1758;142545;357119000
1759;142546;318503000
1760;6;770000
1761;6;468000
1762;1;121000
1763;142545;317905000
1764;35;999000
1765;7;508000
1766;0;0
1767;373;6645000
1768;16;326000
1769;36;799000
1770;1156;6138000
1771;667969;921607000
1772;83139907;87577988000
1773;38379;314601000
1774;15412;98178000
1775;18661;296597000
1776;247552;1121025000
1777;23374;145776000
1778;63816;148188000
1779;18773;106282000
1780;336695;611255000
1781;24987;92363000
1782;26747;170992000
1783;21351;117650000
1784;27876;164043000
1785;144306;301202000
1786;31684;94382000
1787;26437;76123000
1788;89345;180802000
1789;525082;709212000
1790;22587;96476000
1791;20772;85443000
1792;322582;433966000
1793;28972;163482000
1794;64003;109395000
1795;27539;94142000
1796;19333;116039000
1797;88805;215478000
1798;15594;46413000
1799;169944;457794000
1800;29136;143548000
1801;84484;965579000
1802;67938;2483351000
1803;0;0
1804;1326755;2148557000
1805;936298;1385132000
1806;6760070;17042915000
1807;2046002;6370796000
1808;1969581;6046196000
1809;3417993;8437791000
1810;4891;48391000
1811;2495;36611000
1812;2487;12105000
1813;12687;61588000
1814;3109;35062000
1815;0;0
1816;894;9599000
1817;1567;24834000
1818;5110;37666000
1819;1961;28338000
1820;141;2593000
1821;1716;22886000
1822;4;738000
1823;6;620000
1824;11054;122593000
1825;50;2278000
1826;37629;126067000
1827;2636636;7445770000
1828;0;0
1829;57129;283808000
1830;140700;5301970000
1831;3926322;15906724000
1832;19069110;5937545000
1833;14568;90647000
1834;5011;42408000
1835;629962;2842504000
1836;632654;2674992000
1837;28;1184000
1838;1644835;2824692000
1839;6;572000
1840;1;122000
1841;0;256774000
1842;375;9066000
1843;275;7093000
1844;144958;305773000
1845;417;9516000
1846;287428;6521829000
1847;4;347000
1848;47792;375282000
1849;7498;34384000
1850;17;1002000
1851;16272;38013000
1852;1322;12855000
1853;15409;72623000
1854;1;160000
1855;2;203000
1856;346;1295000
1857;35359423;67213766000
1858;4998440;6894355000
1859;154141;234565000
1860;23121;108510000
1861;0;0
1862;0;0
1863;21547;104734000
1864;18274;94444000
1865;14044;31245000
1866;4710;45875000
1867;4097311;2960346000
1868;967;17808000
1869;392710;9089472000
1870;2641717;60005065000
1871;1;223000
1872;121;6460000
1873;57;1336000
1874;178;3557000
1875;4;729000
1876;3885;258314000
1877;1872;101958000
1878;1510;37736000
1879;543;12567000
1880;109337;223678000
1881;0;0
1882;0;0
1883;1335396;7552245000
1884;0;0
1885;0;0
1886;22;1407000
1887;0;0
1888;199;4520000
1889;4605;65842000
1890;1285;17404000
1891;1034;6240000
1892;951;8556000
1893;1245930;60023799000
1894;9;1617000
1895;20054;156516000
1896;412235;1502214000
1897;93164;527708000
1898;4;772000
1899;712044;2584027000
1900;585311;776085000
1901;578360;582748000
1902;0;0
1903;3679;16264000
1904;861;4598000
1905;175;765000
1906;793;2151000
1907;14410;81986000
1908;14314;70375000
1909;14410;65018000
1910;14314;65842000
1911;1193;16875000
1912;1265;41336000
1913;1771;23220000
1914;32600;170994000
1915;30;678000
1916;96;1682000
1917;130;1510000
1918;96;1016000
1919;317;2446000
1920;13171;90068000
1921;2684;14257000
1922;886640;60000355000
1923;0;0
1924;5;1007000
1925;95336;701897000
1926;48;1281000
1927;756;9247000
1928;1497;25038000
1929;3065614;11543242000
1930;2889812;13865996000
1931;0;0
1932;38612;120089000
1933;2;366000
1934;24;1026000
1935;3022;13360000
1936;22113;107314000
1937;918;4186000
1938;234;4717000
1939;8;470000
1940;6;606000
1941;6;397000
1942;1014;13206000
1943;0;0
1944;20739130;11921004000
1945;2383;13790000
1946;14410;72191000
1947;14314;68094000
1948;420;8768000
1949;1323002;15976037000
1950;0;0
1951;1220;9073000
1952;27496;249796000
1953;24908;203151000
1954;2523357;11380471000
1955;3066;34590000
1956;58;2211000
1957;0;194000
1958;41422;148711000
1959;71212;210922000
1960;16;834000
1961;2113;12727000
1962;1;156000
1963;7933;88240000
1964;27681;75422000
1965;2112;11273000
1966;15155;82441000
1967;11639;43018000
1968;517687;25147832000
1969;279511;23724469000
1970;42506;299322000
1971;96;1251000
1972;16299;30664000
1973;0;0
1974;0;0
1975;8;849000
1976;0;0
1977;1265;5740000
1978;3;452000
1979;4578051;10817132000
1980;1325118;7281404000
1981;1548838;60005915000
1982;42475;293961000
1983;36074;48361000
1984;2643;27960000
1985;0;0
1986;73;2120000
1987;34;375000
1988;1;134000
1989;302;6356000
1990;16989;180850000
1991;783145;2750803000
1992;126583;350182000
1993;638451;1056076000
1994;18240;65033000
1995;3659334;20117799000
1996;20;4436000
1997;4;582000
1998;12072950;61054011000
1999;0;0
2000;44533;201859000
2001;198931;767146000
2002;2336231;10552716000
2003;360;7485000
2004;638855;1165089000
2005;86816;125753000
2006;10235;11712000
2007;2568;33823000
2008;1;165000
2009;6046;54055000
2010;0;0
2011;240855;896840000
2012;5362;47453000
2013;5361;41793000
2014;14937258;62005281000
2015;0;0
2016;212028;1974485000
2017;35092;213466000
2018;13144;15150000
2019;13143;12852000
2020;1622;7337000
2021;2475499;2294084000
2022;344;8526000
2023;4153;42698000
2024;0;0
2025;582984;60023765000
2026;10680085;61701318000
2027;20;1735000
2028;0;0
2029;1563;73295000
2030;0;0
2031;14935957;62787126000
2032;1487263;60024025000
2033;8680;22539000
2034;74066550;75561226000
2035;70;4551000
2036;5;780000
2037;280;3764000
2038;240234;556222000
2039;0;0
2040;3817;44156000
2041;0;0
2042;35092;164742000
2043;0;0
2044;67586;256379000
2045;3;555000
2046;67585;203263000
2047;6811;37785000
2048;107312;223600000
2049;8934;70035000
2050;0;92000
2051;231;4575000
2052;524;7786000
2053;744;1952000
2054;0;0
2055;19152;82546000
2056;46968;84227000
2057;5749;73422000
2058;536;8448000
2059;379;5290000
2060;6805;32535000
2061;5775;21408000
2062;5032;37616000
2063;36;1191000
2064;6;551000
2065;8;715000
2066;311;5162000
2067;0;0
2068;171940;1099350000
2069;5405;48220000
2070;4551668;9378288000
2071;4184729;20498412000
2072;4196850;20968184000
2073;301;5614000
2074;226;4243000
2075;55;2177000
2076;6389312;62038776000
2077;6369718;62044266000
2078;260512;1358506000
2079;2383;37722000
2080;212029;549888000
2081;102312;480457000
2082;1823;23055000
2083;28841;131957000
2084;0;276000
2085;11541127;63587838000
2086;7348;175975000
2087;6805;90548000
2088;10533;78836000
2089;35878;347079000
2090;2097764;12324897000
2091;35937;205722000
2092;4;370000
2093;66852759;60029668000
2094;16473;112547000
2095;16473;68086000
2096;75728;580431000
2097;19954;141348000
2098;121585;209437000
2099;110430;486858000
2100;19634;160715000
2101;307859;514344000
2102;10779;35984000
2103;42092;217890000
2104;46390803;60005128000
2105;8674998;18808542000
2106;5361;49528000
2107;4;652000
2108;8675425;19298818000
2109;7324050;31977995000
2110;1;361000
