\begin{filecontents}{q3-ring-split.dat}
0.254434
0.049589
0.063741
1.29979
0.50746
0.53855
2.61081
0.576772
0.009799
0.553334
0.0092
0.016188
0.749299
0.023662
0.004797
2.73899
1.37126
1.25952
0.747621
1.21296
0.631318
0.037076
0.116716
0.118809
0.174044
0.474118
2.35291
0.270004
0.247741
0.00426
0.584129
0.028407
0.070559
0.001203
0.010743
0.103765
1.30899
0.002335
0.1472
0.029926
0.517262
0.717209
0.039544
0.418546
0.016928
0.371258
0.327312
0.179973
0.161286
0.010735
0.199716
0.056594
0.033155
1.25996
0.006673
0.145042
0.188081
0.088951
0.031545
0.173875
0.142319
0.018379
0.327508
0.194458
0.537482
0.223317
0.066688
0.201925
0.046315
0.027925
0.448334
2.39162
0.608753
0.000485
0.044544
0.190813
0.018323
0.182665
0.000806
0.127016
0.060521
0.042691
0.015388
0.000959
0.053689
0.069677
0.026646
0.045542
0.070444
0.069501
1.75747
0.357119
0.006645
0.00646
0.156516
0.249796
0.203151
0.03459
0.002211
1.05608
1.97449
0.012852
0.00529
0.001191
0.005162
0.005614
0.209437
\end{filecontents}