\begin{filecontents}{q22-ring-split.dat}
0.247824
0.010195
0.006024
0.002081
1.50915
0.548502
0.151999
0.079235
0.001099
0.246703
0.233292
0.057978
0.321985
0.000279
0.010255
0.527728
3.43783
0.028147
0.072812
0.000294
0.000298
0.000329
0.000306
0.000473
0.000348
0.000412
0.00029
0.613513
0.00495
1.41936
0.352323
2.4547
0.018851
0.143004
1.01525
0.131922
0.001889
27.8047
0.00427
0.002757
0.001489
0.835089
9.27514
0.002354
0.225078
0.007264
0.103128
5.45669
0.419937
4.5e-05
3.53918
0.884209
0.857766
0.005001
0.002746
0.002607
0.002598
1.13715
0.23847
2.2e-05
0.021447
0.000422
0.037272
0.0012
0.621337
0.17922
0.576347
0.567567
0.182514
0.037091
0.000862
0.028741
0.003721
0.004805
0.081644
0.028881
0.007104
0.149859
0.000735
0.001048
0.719113
0.821162
0.535684
0.177796
0.159017
0.032867
0.613646
0.127933
0.190781
2.02297
0.002923
0.243518
0.004596
0.006768
0.000679
0.00064
0.000918
0.139798
0.450321
0.049272
0.015473
0.041292
0.014556
0.00095
0.000318
0.018924
0.02116
0.000347
0.000318
0.039873
0.01563
0.000315
0.000346
0.001244
0.000303
0.046621
0.015903
0.132918
0.604885
0.264775
0.000808
0.276719
0.025912
0.015025
0.672153
1.47719
0.925905
0.422175
1.29056
0.000569
0.048391
0.036611
0.256774
0.007093
0.305773
0.009516
0.094444
0.101958
0.001617
2.58403
0.776085
0.582748
0.009247
0.025038
0.001026
2.7508
0.004436
0.008526
0.000551
0.000715
0.002177
0.160715
\end{filecontents}