\begin{filecontents}{q1-ring-split.dat}
0.189542
0.651631
0.028682
0.014164
0.087024
0.083747
0.034805
0.104222
0.011672
1.71824
0.230351
1.00538
0.009986
1.00421
0.192482
0.362418
0.212558
0.521064
0.689483
0.201463
0.551109
0.035356
0.005505
0.935625
0.005363
2.05866
0.047701
2.18284
0.051271
0.021694
0.040076
0.045933
1.96374
0.59663
0.146979
0.254291
0.920914
0.102529
0.092631
0.078049
0.03115
0.074352
0.16695
0.059475
1.19921
0.084092
0.849913
0.037087
0.34236
0.47983
0.000672
0.004059
0.671112
0.040701
0.110716
0.069367
0.44959
0.21865
0.04634
0.009047
0.317139
0.629643
0.3214
0.002725
0.112264
0.000485
0.043704
0.352005
0.37874
0.89833
0.006884
0.313325
1.09304
0.02983
0.478689
1.53519
0.0574
0.725067
0.010677
1.22701
0.509475
0.037839
0.006029
0.032285
0.000402
3.35154
0.034676
0.001513
0.101608
0.047239
0.429365
0.002717
0.095031
0.995022
1.71487
0.361175
0.023361
0.040337
0.399529
0.042866
1.31688
0.887402
0.148709
0.003142
0.005671
0.232569
0.096519
2.34098
0.907263
0.22176
0.001286
0.037747
0.083577
0.023396
0.122337
0.029124
0.005235
0.038448
0.077616
0.027634
0.030854
0.124747
1.24747
0.001821
0.669093
1.05201
0.104401
1.18393
0.5288
1.2207
0.106545
0.000423
0.00031
0.268858
0.089093
0.01266
0.041701
0.233816
0.128476
0.001704
0.091347
1.18114
0.06679
1.07907
0.480923
1.34514
1.33492
0.461424
0.183247
0.112876
0.053119
0.001768
1.26308
1.281
1.23953
0.932206
0.448133
0.013704
1.24163
0.686556
0.236892
0.033171
0.08241
0.000768
0.001995
1.19018
0.027495
0.009208
0.194129
0.196435
0.228105
0.304321
0.543944
0.02221
0.02536
0.01513
0.087716
0.009694
0.032235
0.237578
0.003982
0.311887
0.012974
0.197692
1.26536
0.000727
1.55409
1.60284
0.413334
0.426163
4.87133
0.352329
0.064911
0.045379
0.019867
0.091062
0.142274
0.018369
0.013613
0.006257
0.408336
0.241998
0.091526
0.94426
0.462185
0.002643
1.7373
0.520153
0.120203
0.012783
0.207613
1.24323
0.201854
0.007247
0.005565
0.142068
0.568691
0.023814
0.689913
1.84883
0.006849
0.002556
0.062292
0.076541
0.188625
0.071682
0.206744
0.000759
0.288383
1.36854
0.013637
0.208922
0.005142
0.307475
0.174312
0.464355
0.459679
0.226938
0.573548
0.37145
0.234136
0.565
0.029711
0.015445
0.019173
0.001018
0.000651
0.000526
0.00093
0.000309
0.058177
0.002155
0.01947
0.059639
2.53066
3.17408
0.039412
0.00683
0.004749
0.519578
0.001621
0.005886
0.191766
0.568937
0.016315
0.019189
0.02576
0.357319
0.084198
0.012327
0.411112
0.391832
0.115624
0.000517
0.000546
0.299826
0.075145
0.037926
0.154419
0.047307
0.075045
0.103263
0.009303
1.28536
0.015343
0.000492
0.021911
0.006709
0.773016
0.427116
0.000597
0.001126
0.008618
0.003634
0.07989
0.031776
0.000437
0.070666
0.009955
0.003666
0.054201
0.004151
0.488281
0.644982
0.009418
0.178019
0.012915
0.01054
0.040368
0.027165
0.134996
0.050034
0.310311
0.008482
0.00103
0.075991
0.652255
0.003946
0.001987
0.004577
0.000832
0.000309
0.015049
0.320523
1.05242
0.010224
0.008156
0.029403
0.272007
0.002056
0.013162
0.294531
0.003715
0.003735
0.004882
0.000708
0.145213
0.002916
0.048649
0.22411
0.006184
0.000717
0.000487
0.000294
0.047792
1.06739
0.305331
0.294095
0.019495
0.050068
0.066392
0.224553
0.00418
0.090662
0.000262
0.02598
0.424958
0.000228
0.001204
0.05762
0.024674
0.285504
1.09071
0.001728
0.003595
0.060664
0.08154
0.237783
0.119135
0.471462
0.019868
1.58493
0.424838
0.006996
0.009436
0.038045
0.002591
0.006303
0.027951
0.320601
1.38558
0.768777
0.001912
1.07638
0.036856
0.319363
0.118511
0.317905
0.061588
0.002278
0.283808
0.009066
0.034384
0.001002
0.001295
0.234565
0.10851
0.104734
0.045875
0.00624
0.008556
1.50221
0.000765
0.002151
0.041336
0.170994
0.000678
0.002446
0.014257
0.120089
0.01336
0.107314
0.004186
0.00047
0.009073
0.148711
0.210922
0.08824
0.075422
0.082441
0.299322
0.001251
0.030664
0.00574
0.00212
0.065033
0.201859
0.767146
0.054055
0.041793
0.213466
0.007337
0.073295
0.004551
0.003764
0.044156
0.203263
0.037785
0.2236
0.001952
0.084227
1.09935
0.04822
1.35851
0.131957
0.205722
0.580431
0.486858
0.514344
0.21789
\end{filecontents}