\begin{filecontents}{q24-ring-split.dat}
0
0.036681
0.051991
0.310464
0.017335
0.443935
0.104111
11.50759
12.088578
11.342862
0.005532
0.199064
1.125454
0.032088
1.777722
0.353103
12.011205
0.018686
0.806835
8.247898
9.066367
19.564122
0.007664
0.027575
0.053471
0.005943
0.047269
0.000988
0.006358
0.004787
0.014284
0.004833
0.0666
0.01899
14.469272
0.106007
0.145828
0.122607
0.137556
0.68113
0.573808
10.235222
9.161103
0.10827
0.198405
3.729965
1.17943
0.022203
0.020847
0.388546
0.34375
3.224409
1.004201
12.93811
10.598026
\end{filecontents}