\begin{filecontents}{q5-ring-split.dat}
0.001383
0.000801
0.000628
0.000424
0.001105
0.001651
0.001067
0.001185
0.000595
0.001538
0.000658
0.00075
0.001123
0.001734
0.000914
0.002173
0.000834
0.001019
0.000477
0.001019
0.000842
0.001341
0.00104
0.001049
0.000953
0.00117
0.000627
0.002104
0.000678
0.000715
0.000579
0.000497
0.000479
0.000493
0.000474
0.000498
0.000599
0.000587
0.001207
0.000606
0.000581
0.000597
0.000677
0.000759
0.000878
0.001329
0.002258
0.000719
0.000732
0.000772
0.000775
0.000704
0.001123
0.00111
0.000513
0.000824
0.000789
0.000774
0.000831
0.000763
0.000972
0.001095
0.001112
0.000644
0.001064
0.001206
0.001127
0.000745
0.000506
0.002074
0.000974
0.001287
0.001378
0.001322
0.00076
0.001017
0.000578
\end{filecontents}