\begin{filecontents}{q4-ring-split.dat}
0.000247
0.000528
0.000486
0.000563
0.000545
0.002029
0.000943
0.000673
0.001508
0.069285
0.001912
0.000733
0.000625
0.000406
0.000418
0.000314
0.000255
0.000318
0.000453
0.000326
0.000317
0.000336
0.000406
0.000315
0.000245
0.000287
0.00026
0.000508
0.000381
0.00033
0.000279
0.000261
0.000371
0.000362
0.000315
0.000364
0.000262
0.000256
0.000329
0.000289
0.000278
0.00043
0.000293
0.000297
0.000281
0.000328
0.000268
0.0003
0.000261
0.000287
0.00034
0.000423
0.000373
0.00034
0.000278
0.000263
0.000306
0.000377
0.566228
0.000705
0.000415
0.000425
0.000617
0.000497
0.000545
0.000905
0.00085
0.000143
0.000911
0.000503
0.001014
0.000692
0.000367
0.000206
0.000536
0.000681
0.000529
0.582759
0.079601
0.000915
0.001159
0.000288
0.565997
0.000477
0.000497
0.00077
0.000468
0.000121
0.000999
0.000508
0.081986
0.065018
0.000366
0.072191
0.000849
0.000582
0.00078
0.000652
\end{filecontents}