\begin{filecontents}{q2-ring-split.dat}
0.000204
1.14016
0.119933
0.105666
0.00827
0.0018
0.01463
3.22615
0.01535
0.28201
0.438691
0.69572
0.036549
0.028179
0.063717
0.138858
0.001718
0.007182
0.000357
0.000141
0.319262
0.194439
0.073712
4.99928
0.012501
0.041447
0.002192
0.003284
0.009353
0.001789
0.050173
0.001568
0.664399
0.000229
0.039544
0.670585
0.154875
0.199972
1.63286
0.769065
0.007437
0.437637
0.68947
0
0.026748
0.000502
0.008281
0.234851
0.004209
0.116338
0
0.000602
0.173731
0.067096
0.033057
1.43367
0.003534
0.077769
0.057535
0.053605
0.028278
0.008145
0.002884
0.021684
0.233483
0
0.003661
0.076697
0.004081
0.034638
0.06693
0.025596
0.001082
0.000404
0.030255
0.013507
0.010728
0.040531
0.596684
0.466195
0.105918
0.005493
0.02334
0.150454
4.56676
0.705594
0.000957
0.227346
2.79158
0.000161
0.00308
0.521829
0.000197
0.004944
0.2366
0.00264
0.001302
0.002025
1.32635
0.073635
2.30698
0.461604
0.05972
0.018571
0.012205
0.035723
0.014167
0.005437
0.003884
0.097852
0.151628
0.005964
0.004287
0.000204
1.24144
0.000595
0.001504
0.158352
0.01368
0.14039
0.001383
0.268912
0.007204
0.00094
0.012654
0.015165
0.172376
0.055426
0.242192
0.000726
0.011677
0.000989
0.002789
0.000494
0.005282
0.000598
0.401071
0.932749
3.61457
2.48175
0.008238
0.625064
0.000378
3.00328
0.016667
0.000322
0.003266
2.73353
0.016464
0.027893
0.021414
0.012435
0.017963
0.011035
0.012087
0.007266
0.002987
0.000393
0.000542
0.424419
0.058683
0.001676
0.638387
0.461299
0.717367
0.977852
0.35042
0.040996
0.121802
0.023981
0.283369
0.018756
0.105878
0.000166
0.001233
0.069375
0.059611
1.92135
0.06468
0.028853
0.107817
0.000274
0.722115
0.009253
0.006062
0.002885
0.756116
0.008653
0.000181
0.002109
0.036957
0.038981
0.00029
0.022605
0.160182
0.024521
0.001706
0.005731
0.012172
0.004029
0.03476
0.003911
0.022486
0.019563
0.023105
0.063342
4.64335
0.008926
0.005084
0.231537
0.303979
1.22715
0.008378
0.000838
0.491324
0.068643
0.494915
0.015783
0
0
0.021296
0.200445
0.017385
0.001085
0.16675
0.002988
0.005013
0.000128
0.063735
0.021367
0.00628
0.00563
0.021237
0.003891
0.007452
0.002798
0.005712
0.001864
0.011524
0.003397
0.005726
0.020965
0.081598
1.8237
0.010029
0.209389
0.015328
0.119198
0.217701
0.104749
0.673755
0.001709
0.246711
0.108763
0.004098
0.022893
0.138509
0.019856
0.217266
0.606954
0.039507
0.003843
0.008465
0.017865
0.128679
0.267863
0.088936
8.66253
0.000232
0
0.020585
0.009848
0.00064
0.642105
12.4588
0.072374
0.001409
0.001348
0.000439
0.491403
0.001105
0
0.018193
0.004165
0.000767
1.49632
0.001797
0
0.140402
0.090715
0.004196
0.03544
0.001477
0.000541
0.001398
0.017728
1.43437
0.388161
0.054064
0.053245
0.003797
0.000512
0.001007
0.000815
0.049781
0.000617
0.000644
0.001005
0.001122
0.000182
0.000146
0.004505
0.003192
60
1.90778
0.001581
0.015006
0.64952
0.533815
0.65791
0.026378
0.34567
0.117997
0.087576
0.006616
0.027915
0.094806
0.041295
0.012448
0.020773
0.001297
0.000438
0.000491
0.0109
0.19007
0.013564
0.837388
0.000167
0.057157
0.00489
0.04222
0.011397
0.312493
\end{filecontents}