\begin{filecontents}{q23-ring-split.dat}
60
60
60
60
60
60
60
60
60
60
36.7146
0
0
60
0
60
60
60
60
60
60
27.9637
24.066
60
60
60
60
60
0
0
60
5.70737
2.3657
43.9386
0.167074
60
0
60
7.50926
0.009629
0.401471
60
0.587072
28.9487
60
60
60
60
60
60
5.7e-05
60
60
0
60
12.5928
40.9247
60
41.3998
60
60
0.663893
60
11.4011
1.22396
0
57.9371
46.8971
0
0
22.6201
60
58.0392
24.9951
11.6069
40.9536
20.5683
60
60
60
60
0
0
60
60
60
60
20.2814
3.32283
47.0007
37.1743
60
60
60
60
60
60
60
0
25.319
24.091
13.098
\end{filecontents}