1;14620857;61812305000
2;77730416;73983953000
3;6237;169115000
4;4553876;10319149000
5;1;204000
6;356747;1140165000
7;819119;60000272000
8;2614;119933000
9;4165;105666000
10;1788949;3601365000
11;149793;1081979000
12;188;8270000
13;34641;175940000
14;272860;687008000
15;297;35100000
16;160;15282000
17;17;1800000
18;469;14630000
19;26278;92595000
20;8456;93256000
21;1464949;3226149000
22;1;249000
23;661;15350000
24;12939;35057000
25;35303;282010000
26;37445;115904000
27;35302;278593000
28;659208;60000298000
29;18620;438691000
30;177;12382000
31;30460097;60138561000
32;130444;695720000
33;742103;1862969000
34;2538;36549000
35;40453;234898000
36;1738;28179000
37;0;0
38;15968486;60011821000
39;0;0
40;0;0
41;6966273;5932800000
42;590522;1112799000
43;3223012;61801398000
44;10053065;15037839000
45;4174;63717000
46;79855343;78404838000
47;1405;28747000
48;1627;37568000
49;440579;835631000
50;11387;138858000
51;240;10027000
52;31;1718000
53;795680;1006784000
54;1409679;5126174000
55;50949;231788000
56;15156759;61813694000
57;1217194;60845350000
58;15137040;61749279000
59;1377293;60843998000
60;2584414;60038963000
61;2024347;7475366000
62;284077;60023414000
63;7327253;60032434000
64;35377722;60011776000
65;190233;385142000
66;0;229000
67;8408;248391000
68;1304651;60019713000
69;187322;571530000
70;156659;549138000
71;206934;13703428000
72;163270;626036000
73;129;7182000
74;4;357000
75;1;141000
76;247463;885911000
77;47376233;60029504000
78;144269;319262000
79;128316;61004819000
80;76338822;78508482000
81;7184;194439000
82;9987;225951000
83;3630;73712000
84;51210;605538000
85;4691841;4999280000
86;38254;295268000
87;11094725;36714582000
88;3;936000
89;413;12501000
90;4701;41447000
91;40;2192000
92;76;3284000
93;4;840000
94;6;1179000
95;245;9353000
96;1979296;60000362000
97;1116125;3351041000
98;1464948;3316231000
99;3;845000
100;230;43084000
101;13;1789000
102;11939048;62352163000
103;4692464;7051928000
104;517;8037000
105;7336946;60000307000
106;1380014;5330284000
107;293233;915120000
108;2818;50173000
109;93;1568000
110;4940574;8184747000
111;319;8552000
112;10226710;60000241000
113;0;0
114;0;0
115;0;0
116;72360;664399000
117;0;0
118;1;229000
119;209809;3959926000
120;0;0
121;437999;1710225000
122;0;0
123;11713;45935000
124;10171208;60000284000
125;455640;2492506000
126;3411;39544000
127;12309;61032000
128;299487;670585000
129;1157810;5602152000
130;2861;24543000
131;57199;154875000
132;2360;40697000
133;0;0
134;4692051;3566999000
135;5035;67614000
136;15813;199972000
137;3361;48702000
138;528324;2512953000
139;488345;1632857000
140;337115;769065000
141;376;7437000
142;8280782;25401127000
143;1750;12942000
144;1140620;60018737000
145;20422;437637000
146;72360;689470000
147;156562;554898000
148;42475;173137000
149;0;0
150;1211;26748000
151;8;502000
152;296;8281000
153;27686;234851000
154;159;4209000
155;20704;116338000
156;0;0
157;5;602000
158;44943;300584000
159;38964;173731000
160;14837;67096000
161;1863;33057000
162;9663545;14602266000
163;359864;990372000
164;18979;111547000
165;412236;1433672000
166;0;199000
167;9433;114285000
168;13724;73927000
169;13489;32894000
170;841202;2746865000
171;409;3534000
172;0;0
173;10600;37857000
174;0;0
175;13047;77769000
176;2110648;60458935000
177;1944199;60414771000
178;1082833;60238074000
179;9563;121313000
180;10600;57535000
181;8010;92486000
182;4304;53605000
183;2076413;3005076000
184;12278;173284000
185;578301;609115000
186;521;10831000
187;578298;585246000
188;1743;28278000
189;12530;63611000
190;47391481;60023894000
191;1708368;28391938000
192;380;8145000
193;838216;881208000
194;6877505;24969609000
195;15440;93169000
196;953843;904547000
197;0;0
198;13984;45523000
199;6114;38346000
200;368;8986000
201;7284903;62826233000
202;116682;459962000
203;60;2884000
204;8652542;15443030000
205;211701;505903000
206;2468;21684000
207;71907;233483000
208;0;0
209;2467;18307000
210;217;3661000
211;8030;76697000
212;268;4081000
213;5146;34638000
214;421927;780828000
215;18241;66930000
216;3459;25596000
217;22;1082000
218;9;404000
219;2177;30255000
220;25;813000
221;510;4334000
222;0;148000
223;0;134000
224;4776;25707000
225;555;1589000
226;264720;718572000
227;330;5574000
228;1159;13507000
229;15269;44900000
230;0;0
231;0;0
232;0;0
233;0;0
234;54;2196000
235;712;10728000
236;195;121464000
237;1724149;2472877000
238;0;0
239;18270;76920000
240;0;0
241;363612;465816000
242;2728;40531000
243;98055;233087000
244;169172;596684000
245;5276;52930000
246;504;10415000
247;81536;335747000
248;331748;747250000
249;63529;383458000
250;41033;119689000
251;772265;466195000
252;29564;105918000
253;57;3783000
254;1287934;1392421000
255;22622;79788000
256;2763149;5678684000
257;0;188000
258;0;643000
259;0;134000
260;0;132000
261;0;133000
262;35942;133538000
263;34;623000
264;3792;58469000
265;677;5493000
266;679;12415000
267;312;7557000
268;0;0
269;7595;23340000
270;641298;3079553000
271;128525;528356000
272;29620;150454000
273;554525;2719251000
274;63;2459000
275;1131709;4566758000
276;87962;405350000
277;111390;978076000
278;3545042;9120911000
279;407;7586000
280;37571;340936000
281;644829;1164166000
282;11152513;60000189000
283;1090;33180000
284;3994704;49586558000
285;19081282;9111909000
286;100624;555352000
287;613238;1842279000
288;5713;69774000
289;909856;886866000
290;412235;1612547000
291;110522;705594000
292;1467;12456000
293;21;957000
294;1878302;28465298000
295;1283509;60000481000
296;35943;227346000
297;356746;1442004000
298;1747889;60000444000
299;0;0
300;88042;752264000
301;7423049;12907105000
302;13278464;27963744000
303;949234;5437293000
304;11492156;60007083000
305;309915;61023055000
306;234587;1315324000
307;412296;1615332000
308;525636;581776000
309;525635;539777000
310;8041;42413000
311;1157810;5708246000
312;841203;2791577000
313;1;161000
314;8967;169135000
315;40093706;60070899000
316;347;3080000
317;569514;521829000
318;0;0
319;0;0
320;12198654;61022494000
321;31012048;26868687000
322;1;197000
323;290;6898000
324;268;4944000
325;8628;90463000
326;1099106;3736216000
327;92611;236600000
328;4164;34862000
329;21;418000
330;82;1437000
331;0;0
332;0;148000
333;613392;24066010000
334;50949;262263000
335;848022;3637706000
336;44;2640000
337;530438;1394042000
338;30263689;69094095000
339;23986133;67357071000
340;0;0
341;67261718;84674938000
342;74066550;86607605000
343;48386212;52007205000
344;850776;684002000
345;27;1302000
346;57;2025000
347;221404;1326351000
348;5729;73635000
349;2475500;2306980000
350;156660;461604000
351;4314;59720000
352;33;1383000
353;44;801000
354;1112;18571000
355;0;0
356;4733;37539000
357;99;1803000
358;28899;257113000
359;26;1043000
360;44;721000
361;18347922;60005835000
362;4426;18372000
363;46886;106936000
364;46765260;77119181000
365;211;12205000
366;4693110;4071654000
367;5568;64185000
368;7507;48532000
369;33150990;60062531000
370;18890697;65937571000
371;81448668;77795920000
372;80826077;78034733000
373;28728151;63781019000
374;11125754;60000293000
375;0;0
376;0;0
377;0;0
378;0;220000
379;0;0
380;995;6455000
381;82712;465429000
382;147;2885000
383;2224;35723000
384;1802;14167000
385;497;5437000
386;295;3884000
387;4709184;3763006000
388;6088295;8076015000
389;14425;98715000
390;106609;684489000
391;365678;1019710000
392;829360;2509083000
393;2;275000
394;14747;97852000
395;41423;151628000
396;20634;114245000
397;11381020;63486709000
398;47;5964000
399;256677;1742786000
400;254;4287000
401;6124409;8716551000
402;1735828;3225667000
403;5013;44122000
404;45494;214764000
405;5873;67954000
406;995;6583000
407;2;208000
408;179;3853000
409;93;1774000
410;6;204000
411;386533;1241437000
412;65289;338402000
413;13;595000
414;53;1504000
415;20713953;11757457000
416;0;0
417;64062;1551393000
418;11800573;60000194000
419;190926;5707371000
420;90164;2365696000
421;41071;158352000
422;218172;566830000
423;135998;380386000
424;3092;27016000
425;2205096;12357023000
426;4169196;2882452000
427;127305;248751000
428;18980626;60217909000
429;3771;40607000
430;39163;42823000
431;1409684;43938583000
432;7327;49329000
433;9;291000
434;3614;167074000
435;889;13680000
436;38612;137349000
437;0;0
438;95356;462251000
439;0;0
440;905;12668000
441;25442;140390000
442;3082;49765000
443;25441;128115000
444;111;1383000
445;688807;1264631000
446;1989176;60478088000
447;310559;779896000
448;41422;195975000
449;22117;268912000
450;244;7204000
451;16238;167123000
452;53488;511669000
453;3244704;61777219000
454;5;940000
455;239;12654000
456;481;15165000
457;9951;172376000
458;225;4629000
459;621;8255000
460;41386;396350000
461;22588;153905000
462;33687733;31011592000
463;8297;55426000
464;61366;242192000
465;18;726000
466;402;11677000
467;27;989000
468;111;2789000
469;21;494000
470;219;5282000
471;18;598000
472;755934;2632164000
473;0;0
474;4207735;21470903000
475;256585;945725000
476;47016;401071000
477;465560;932749000
478;8964;215061000
479;96;1195000
480;1325127;1612657000
481;0;0
482;0;0
483;0;0
484;11642055;63513959000
485;641299;3614573000
486;538839;2481745000
487;538838;2556909000
488;54135;289849000
489;47898;272793000
490;0;0
491;71468;568237000
492;848022;3537045000
493;106609;696133000
494;200567;7509261000
495;191616;416473000
496;1446982;2975591000
497;139;4880000
498;2189;31211000
499;376;8238000
500;222295;625064000
501;1042900;971824000
502;17213;77061000
503;4685;41721000
504;17477;90275000
505;2326;25896000
506;1657076;5999436000
507;30232;165245000
508;30231;137739000
509;0;0
510;6563;38262000
511;2539057;2148795000
512;69548;122617000
513;4;378000
514;4097299;3003280000
515;1090;6237000
516;10515;43072000
517;66240;619789000
518;4611085;31028424000
519;2284436;55603563000
520;7180;95446000
521;4166203;4449561000
522;938;16667000
523;1425;9629000
524;1031036;2955918000
525;11;322000
526;15;628000
527;16;424000
528;14;298000
529;14;303000
530;11;302000
531;11;632000
532;1383;31231000
533;15;505000
534;16;370000
535;13;454000
536;13;295000
537;0;137000
538;5517;33679000
539;20053;144266000
540;4648263;10336769000
541;28604947;19984478000
542;822846;1319083000
543;86;2603000
544;215018;742844000
545;809015;1102123000
546;5810;116048000
547;819856;1247307000
548;165986;598887000
549;447540;1378834000
550;5850;123921000
551;177;3266000
552;46;476000
553;46;315000
554;466096;291242000
555;99516;449105000
556;233608;703833000
557;1381;31615000
558;0;0
559;8754;102144000
560;829284;2733528000
561;1468;16464000
562;1672;27893000
563;36;1574000
564;45;13465000
565;18240;77088000
566;855;21414000
567;793;12435000
568;1828;17963000
569;749;11035000
570;984;12087000
571;446;7266000
572;290158;617359000
573;2831;46394000
574;79893;221733000
575;5066;401471000
576;14648;114554000
577;30;1371000
578;45;1847000
579;25831;70564000
580;482025;1095820000
581;2820;59530000
582;47470679;48961806000
583;4184317;5289605000
584;810813;1131655000
585;138961;521450000
586;0;189000
587;1657076;5653748000
588;1131934;3189093000
589;6648419;13438809000
590;447708;1354656000
591;977469;1455451000
592;20367;46105000
593;15354;94102000
594;39771819;33530826000
595;0;192000
596;136415;511723000
597;1398244;4607694000
598;1657076;5985300000
599;16103;196721000
600;1657076;5642633000
601;6970044;5368604000
602;1657076;5627334000
603;23040;121265000
604;6190;43746000
605;1213129;2977771000
606;1658042;5579460000
607;18;1682000
608;164;2987000
609;13;393000
610;30;542000
611;3366299;4451372000
612;0;181000
613;819856;1433574000
614;819861;1429019000
615;559997;424419000
616;1189994;1092221000
617;822851;1308511000
618;31012200;26283729000
619;795680;965155000
620;65882;126259000
621;4357;31754000
622;76925;311297000
623;0;243000
624;27436;58683000
625;888;11852000
626;254;1676000
627;346814;520481000
628;608;13791000
629;822846;1370028000
630;0;0
631;766339;718879000
632;0;0
633;7439;301020000
634;578299;638387000
635;38003;461299000
636;582322;717367000
637;601379;977852000
638;594069;350420000
639;18875;42241000
640;4125;40996000
641;36935;121802000
642;2531;23981000
643;901;8118000
644;4692285;3758984000
645;52095;283369000
646;0;0
647;11759;89347000
648;34;819000
649;1456;18756000
650;18645;105878000
651;1;166000
652;16;2259000
653;27857053;18079286000
654;819869;1423502000
655;6970044;5256025000
656;38202724;37174872000
657;3179;31546000
658;205;1233000
659;27872087;18559914000
660;14410;71853000
661;14314;69375000
662;588;10568000
663;384160;519566000
664;5489;75411000
665;33549;81492000
666;10361;59611000
667;33002;207993000
668;3;397000
669;1287864;1921353000
670;6852;64680000
671;14591;28853000
672;0;0
673;16641;194499000
674;9456;107777000
675;5469135;60000513000
676;0;0
677;221403;1439438000
678;80;2543000
679;18409905;60007922000
680;9457;107817000
681;3;274000
682;18624;40892000
683;56243;249868000
684;440580;722115000
685;49968;587072000
686;32913082;28948707000
687;383;9253000
688;1960650;4939944000
689;81877;322406000
690;6921738;11458819000
691;4052292;21046182000
692;326322;598346000
693;8;1105000
694;1397;26880000
695;374;6062000
696;2005;29237000
697;10940844;44416064000
698;33;2885000
699;19276866;33502823000
700;301435;756116000
701;255;8653000
702;4591;44101000
703;3472;13562000
704;12745;73220000
705;1;181000
706;62;2109000
707;13787;145584000
708;578;9535000
709;36473444;69024728000
710;291;5665000
711;2329075;4707586000
712;4509;36957000
713;2010519;10933445000
714;521573;2839140000
715;1277756;1428139000
716;2823;39717000
717;0;0
718;0;0
719;44986790;33770229000
720;42452657;76789718000
721;1571;38981000
722;3;290000
723;27957966;20140720000
724;15082693;62533251000
725;44981815;66333478000
726;9947;22605000
727;873371;60018931000
728;31007118;60024155000
729;4738109;4926784000
730;28485;160182000
731;818;20794000
732;102;4789000
733;518;4347000
734;14406;79224000
735;151;4422000
736;5;497000
737;176030;663604000
738;1628;24521000
739;60165;271156000
740;52;1706000
741;108;6283000
742;52378;346052000
743;588251;12843559000
744;181;5731000
745;606;12172000
746;167;4029000
747;11844;40449000
748;11845;34760000
749;0;0
750;200;3911000
751;1074;22486000
752;2665;19563000
753;0;0
754;2939;18719000
755;164077;211781000
756;1070;23105000
757;184;7927000
758;240007;743665000
759;1573720;60000491000
760;3008043;60000538000
761;346275;1349117000
762;6814068;60003783000
763;6811426;62700968000
764;4224;63342000
765;7494174;17275957000
766;4695148;4643348000
767;1737742;8452233000
768;1074;8926000
769;340110;796989000
770;1736098;3211852000
771;24;1901000
772;12;1230000
773;11520645;61021130000
774;0;57000
775;7494174;17095077000
776;94;5084000
777;157616;231537000
778;11087;62378000
779;11413948;63477648000
780;11317329;63450427000
781;0;0
782;554773;5471869000
783;45494;303979000
784;511921;1791297000
785;5163535;21340872000
786;4964508;30921103000
787;894571;1380040000
788;0;0
789;535515;1740012000
790;0;0
791;303191;396502000
792;11887;121097000
793;530439;1227150000
794;447;8378000
795;0;0
796;134802;380232000
797;26851;4794948000
798;58;838000
799;4693439;4876249000
800;263562;622934000
801;263446;380388000
802;2379;88968000
803;1933;59980000
804;926;30005000
805;538128;2627241000
806;17485953;61024499000
807;22;2190000
808;37328;565368000
809;120495;816071000
810;801683;4793932000
811;1175;27430000
812;120496;491324000
813;93766;160042000
814;2727;48016000
815;8660;108481000
816;567612;3327090000
817;559996;433418000
818;1073;21982000
819;557136;390568000
820;594068;338604000
821;53;1651000
822;39981;160123000
823;638855;1076078000
824;38599;150113000
825;0;210000
826;51447;260837000
827;2078653;3458124000
828;52396728;69788498000
829;6884;141560000
830;9788;173615000
831;1173;19930000
832;23792;68643000
833;214069;494915000
834;614;15783000
835;28484;167939000
836;588;14418000
837;17340;203885000
838;898106;5786115000
839;2498087;10711159000
840;0;0
841;53;3832000
842;28361751;60024249000
843;0;0
844;0;0
845;1818;18412000
846;328;8748000
847;374710;452408000
848;56513;281689000
849;1172;104109000
850;2188;21296000
851;424579;1106942000
852;247047;553582000
853;4691808;2920835000
854;569369;12592792000
855;9802184;31458428000
856;181;3935000
857;1712805;40924713000
858;7382446;60000622000
859;1712805;41399762000
860;13556118;60000397000
861;12756013;60000667000
862;9856;200445000
863;9855;71396000
864;7833;663893000
865;31;3100000
866;22280;405257000
867;462;17385000
868;39;1085000
869;509441;1905311000
870;4691839;3512964000
871;168118;548839000
872;12499;136546000
873;3410;38291000
874;312;7857000
875;17116;81660000
876;2732;17276000
877;1956;28527813000
878;97627;231627000
879;209767;1359865000
880;344;10154000
881;15812;168647000
882;18949;221643000
883;6751;105563000
884;4164;39415000
885;441523;553691000
886;221403;1397823000
887;4053734;60000496000
888;36494;209964000
889;1472;154035000
890;43440;232314000
891;35;12759000
892;2095877;60000172000
893;1876079;11401060000
894;13788;166750000
895;75;2988000
896;177;5013000
897;1;128000
898;1582581;2076537000
899;0;57000
900;373;8096000
901;25804733;64922659000
902;14971;195124000
903;5315;163989000
904;239574;598873000
905;16826;29086000
906;482081;757567000
907;12597;63735000
908;740977;2006696000
909;4;1067000
910;1387;21367000
911;22;1185000
912;0;0
913;3119;8738000
914;4;595000
915;57198;166576000
916;5;930000
917;274;6280000
918;206;5630000
919;28083;57537000
920;6;827000
921;4;596000
922;983;21237000
923;6;673000
924;6;482000
925;5;368000
926;4;507000
927;305;4236000
928;7;654000
929;31;1538000
930;116;3891000
931;5;418000
932;4;481000
933;6;494000
934;7;578000
935;6;465000
936;4;396000
937;20;658000
938;25;750000
939;6;425000
940;5;378000
941;7;766000
942;7;582000
943;405;7452000
944;6;475000
945;6;394000
946;4;407000
947;7;582000
948;108;2798000
949;380;5712000
950;7;525000
951;5;451000
952;32;1864000
953;7;546000
954;6;380000
955;4;406000
956;7;526000
957;7;415000
958;1041;11524000
959;4;456000
960;8;670000
961;6;461000
962;6;474000
963;6;423000
964;97;914000
965;7;530000
966;6;408000
967;9;443000
968;254;3397000
969;6;352000
970;4;462000
971;31;1123000
972;7;541000
973;7984;84218000
974;5;595000
975;196;5726000
976;6;466000
977;6;506000
978;6;455000
979;4;416000
980;5;431000
981;0;53000
982;7;595000
983;7699174;60000346000
984;312;20965000
985;0;0
986;48;5223000
987;46;3337000
988;0;0
989;10498;92429000
990;21;1734000
991;4;914000
992;645;87806000
993;26;2173000
994;0;0
995;22;834000
996;27;1019000
997;2;477000
998;21;1019000
999;22;842000
1000;23012;214737000
1001;28;1341000
1002;31;1040000
1003;613;23059000
1004;21495;81598000
1005;5610;79860000
1006;209768;1823702000
1007;345;10029000
1008;17341;209389000
1009;589;15328000
1010;9789;119198000
1011;6;1049000
1012;60716;231960000
1013;18950;217701000
1014;6752;104749000
1015;66241;673755000
1016;24;1709000
1017;37329;246711000
1018;54;1108000
1019;36301;304408000
1020;0;0
1021;248454;1323198000
1022;18565;108763000
1023;1524;18491000
1024;29757;249766000
1025;9075;86093000
1026;8899;29319000
1027;58443;368607000
1028;75;2488000
1029;312007;899987000
1030;29307;241711000
1031;167;4098000
1032;134002;10191069000
1033;41;3302000
1034;0;0
1035;660;5958000
1036;62227;268791000
1037;39732;175768000
1038;50949;217253000
1039;2076413;2764732000
1040;3068;22893000
1041;171132;510167000
1042;8;953000
1043;0;0
1044;25809;138509000
1045;0;205000
1046;78924;528043000
1047;49036;263409000
1048;256;11763000
1049;446136;625481000
1050;369752;414716000
1051;161919;266016000
1052;543845;595746000
1053;2870;39392000
1054;1439;22138000
1055;5521;25960000
1056;28;1758000
1057;16;1224000
1058;11;928000
1059;23;1731000
1060;4;519000
1061;18023;117084000
1062;6933;73539000
1063;8644701;15086099000
1064;1615;19856000
1065;65;3717000
1066;18900;217266000
1067;70816;566709000
1068;72360;606954000
1069;20421;223666000
1070;3469;24342000
1071;6616;76830000
1072;8;1170000
1073;5;627000
1074;117273;5451103000
1075;41043;351630000
1076;38;3705000
1077;0;176000
1078;2432;39507000
1079;35;2104000
1080;105524;1223960000
1081;86;3843000
1082;9;1026000
1083;6;565000
1084;304;8465000
1085;4;678000
1086;822887;20438908000
1087;4;596000
1088;736;12815000
1089;1965;25716000
1090;6;637000
1091;889;17865000
1092;0;0
1093;30739;79803000
1094;4693141;4623243000
1095;38613;128679000
1096;274925;1520884000
1097;25;2277000
1098;9;715000
1099;9;579000
1100;8;497000
1101;8;479000
1102;7;493000
1103;8;474000
1104;10;498000
1105;9;599000
1106;9;587000
1107;421;15864000
1108;213541;2801866000
1109;169171;611055000
1110;20768123;18795544000
1111;115431;3985001000
1112;9;1207000
1113;8;606000
1114;8;581000
1115;8;597000
1116;7;677000
1117;24526593;64997835000
1118;9735200;57937079000
1119;36651;1893078000
1120;1690;143040000
1121;2139;40291000
1122;858;7855000
1123;4;759000
1124;19776163;9811006000
1125;52;1085000
1126;5;878000
1127;577066;514837000
1128;32154;267863000
1129;12783;88936000
1130;192;8883000
1131;1737743;8662525000
1132;19502866;10003040000
1133;44814;530970000
1134;1;232000
1135;0;0
1136;23;2258000
1137;193;8614000
1138;0;0
1139;122190;209206000
1140;20355793;11052258000
1141;6;1329000
1142;2141;20585000
1143;278;9848000
1144;10;49000
1145;57437;244767000
1146;7727642;46897088000
1147;10858;186200000
1148;18;2258000
1149;6;719000
1150;421367;2244778000
1151;4;732000
1152;23;640000
1153;99495;711510000
1154;16480;3564570000
1155;399289;476953000
1156;2484925;13553284000
1157;386534;924349000
1158;5289;928013000
1159;4;772000
1160;10;775000
1161;0;0
1162;6108;19121000
1163;4;704000
1164;649;26016000
1165;14691;69798000
1166;1891308;2670561000
1167;174;7929000
1168;174;3989000
1169;174;3711000
1170;174;3733000
1171;2159;26054000
1172;0;0
1173;9511;77525000
1174;0;0
1175;2521730;10690990000
1176;33857;135670000
1177;9;602000
1178;214091;485557000
1179;10334407;22620147000
1180;279875;1217103000
1181;2128;34642000
1182;235386;1352901000
1183;60175;271561000
1184;1;26000
1185;3627;30352000
1186;71;566000
1187;9182877;13283876000
1188;1485701;6607761000
1189;120982;497329000
1190;8;1123000
1191;176029;642105000
1192;2521504;12458847000
1193;1026901;1555562000
1194;5;1110000
1195;4;513000
1196;3220;39218000
1197;1891308;2770778000
1198;0;0
1199;0;0
1200;27;1901000
1201;308678;605080000
1202;0;0
1203;9907;104175000
1204;8217877;38510148000
1205;14952;72374000
1206;0;0
1207;6919813;11994783000
1208;50949;196931000
1209;765;18045000
1210;4;824000
1211;245496;439092000
1212;245219;441530000
1213;0;0
1214;134;1409000
1215;5;789000
1216;7;774000
1217;0;0
1218;27333;129740000
1219;45493;225854000
1220;1335396;7511411000
1221;149793;998516000
1222;188;8000000
1223;1786;28548000
1224;3535;63223000
1225;57065;591696000
1226;57066;581634000
1227;3;835000
1228;7;908000
1229;4469;37062000
1230;7;298499000
1231;18727;89742000
1232;0;0
1233;1130260;3298868000
1234;6257;60503000
1235;28305;232561000
1236;2112748;12676738000
1237;6590;75523000
1238;4;831000
1239;67074750;73909149000
1240;42073;335256000
1241;682;50574000
1242;210205;6742257000
1243;4;763000
1244;0;0
1245;6094;100655000
1246;23;1348000
1247;8;439000
1248;71266;122075000
1249;577;13653000
1250;9735200;58039235000
1251;14902117;56609111000
1252;263445;1380372000
1253;605312;24995081000
1254;188098;491403000
1255;13643;26398000
1256;15;804000
1257;1457;36627000
1258;143619;11606932000
1259;4;796000
1260;102;9929000
1261;8;972000
1262;446067;2636635000
1263;6125914;40953625000
1264;19;1095000
1265;55823;840049000
1266;96374;403047000
1267;9;817000
1268;0;0
1269;103;1615000
1270;3119;11308000
1271;0;0
1272;9;1112000
1273;278569;3974093000
1274;381;6460000
1275;288;1105000
1276;0;0
1277;11380;18193000
1278;100;4165000
1279;7741;121335000
1280;3530;48755000
1281;3;651000
1282;6;644000
1283;41583;94415000
1284;179;767000
1285;324130;1496321000
1286;21;1797000
1287;6;757000
1288;4169196;2928924000
1289;1399;15617000
1290;426;5425000
1291;1043041;1248078000
1292;24256;63226000
1293;1718198;20681938000
1294;1539328;20568272000
1295;0;0
1296;64;1587000
1297;684;6275000
1298;25611244;60003891000
1299;15094751;61739387000
1300;10089284;35165883000
1301;191742;513848000
1302;63316;709635000
1303;680;13562000
1304;39474961;42270268000
1305;7259361;27776653000
1306;653816;60000372000
1307;56318933;71668257000
1308;0;0
1309;15285;140402000
1310;12544;109332000
1311;7712;90715000
1312;44797;251410000
1313;2395;56600000
1314;190;4196000
1315;10;1064000
1316;1869;35440000
1317;25;1477000
1318;8;541000
1319;28;1398000
1320;746;17728000
1321;667740;1434368000
1322;41310;388161000
1323;3305;54064000
1324;2662;53245000
1325;6;1206000
1326;843;20655000
1327;841;15340000
1328;520;37681000
1329;1290794;20562100000
1330;446067;19592251000
1331;7592;59006000
1332;5337;39374000
1333;27950;170709000
1334;11847;60130000
1335;834653;4661635000
1336;1094869;2744928000
1337;60477;289054000
1338;378;13843000
1339;0;0
1340;879;3797000
1341;91;512000
1342;353;1007000
1343;233;815000
1344;554226;3029296000
1345;6936178;60000870000
1346;1759441;8095491000
1347;1999;49781000
1348;11;1567000
1349;212;6094000
1350;3389749;6985609000
1351;5;1127000
1352;5;752000
1353;81;617000
1354;93;644000
1355;290;1005000
1356;0;0
1357;0;0
1358;2530446;6246502000
1359;60028;284616000
1360;43597068;60129047000
1361;101830940;77829063000
1362;637;13228000
1363;46;1122000
1364;1131899;5470366000
1365;1119406;5305570000
1366;1043990;5065824000
1367;307933;1596546000
1368;246620;1360193000
1369;6447;90695000
1370;253381;6167219000
1371;1;182000
1372;1;146000
1373;79;4505000
1374;195743;903073000
1375;6;1072000
1376;0;0
1377;574358;3240888000
1378;208779;716580000
1379;109;6726000
1380;7;2983000
1381;35;6937000
1382;5;1349000
1383;1;450000
1384;2882264;4063425000
1385;614;23556000
1386;121992;420459000
1387;433384;1139422000
1388;1574;15167000
1389;4924;14344000
1390;81;3192000
1391;4;745000
1392;31430851;27266436000
1393;2865683;3869339000
1394;31370;35802000
1395;258332;289630000
1396;1688688;60027832000
1397;2109464;1907785000
1398;12;1581000
1399;2861;2191000
1400;731;17332000
1401;115;6810000
1402;4938341;7600961000
1403;1863;15006000
1404;6;1137000
1405;1;154000
1406;438811;1972314000
1407;129650;470462000
1408;61949040;71149385000
1409;740977;2495987000
1410;59509;331280000
1411;180281;1090665000
1412;6;1130000
1413;6;640000
1414;6204;276724000
1415;582496;649520000
1416;570836;533815000
1417;582398;657910000
1418;23053;98108000
1419;0;0
1420;3220;37017000
1421;305;10326000
1422;144264;154877000
1423;134;20271000
1424;71;1288000
1425;1893498;3674189000
1426;126;6363000
1427;306;9287000
1428;12;506000
1429;1378;26378000
1430;57;2074000
1431;82092;345670000
1432;18964;117997000
1433;13496;87576000
1434;6;974000
1435;204;6616000
1436;244;8176000
1437;13;1255000
1438;5953;17375000
1439;222294;634301000
1440;28281;174828000
1441;74066550;85215783000
1442;9969989;13114408000
1443;15127;49377000
1444;7;1366000
1445;1893499;3876650000
1446;203075;780631000
1447;838216;1092433000
1448;195703;634033000
1449;247163;669008000
1450;195693;185243000
1451;114299;175481000
1452;3134;41876000
1453;1893289;3611912000
1454;6965921;5377659000
1455;838408;1199385000
1456;592;5170000
1457;925;68114000
1458;207207;659638000
1459;19972;144959000
1460;43307;216177000
1461;10;1287000
1462;26215;255677000
1463;33540;163083000
1464;24;1090000
1465;1474;2084000
1466;2740;2785000
1467;2162;11005000
1468;0;220000
1469;16;1141000
1470;1;732000
1471;1;466000
1472;2525960;11992596000
1473;10140973;20281426000
1474;2279;39212000
1475;0;0
1476;0;0
1477;540118;3322831000
1478;6;1232000
1479;0;0
1480;319881;1135899000
1481;4;724000
1482;1084;27915000
1483;1380014;4378776000
1484;13795;94806000
1485;10072;41295000
1486;369;1019000
1487;85488;338573000
1488;6;900000
1489;4;470000
1490;800;12448000
1491;1474661;3289772000
1492;1;215000
1493;15979;326021000
1494;10425;26552000
1495;7727642;47000665000
1496;792;20773000
1497;0;1059000
1498;3635;45200000
1499;2788;62561000
1500;14;1297000
1501;5744339;37174250000
1502;0;0
1503;417472;2161001000
1504;39186;256269000
1505;211;6424000
1506;20591;111056000
1507;484414;2246489000
1508;6;1378000
1509;3;438000
1510;4;491000
1511;267;10900000
1512;34;374000
1513;11492982;63546848000
1514;22452327;64825354000
1515;14209104;61917866000
1516;323;1148941000
1517;242842;1491311000
1518;6;1322000
1519;2957;50874000
1520;1;213000
1521;22961;213882000
1522;1513;33470000
1523;1750;25197000
1524;559996;438213000
1525;34282;190070000
1526;2369;37727000
1527;4;760000
1528;2;292000
1529;589;13564000
1530;256728;837388000
1531;220;3964000
1532;47834;227095000
1533;369;13260000
1534;68013;250501000
1535;933;8956000
1536;199974;431341000
1537;3254;43648000
1538;6;796000
1539;13;1934000
1540;49;2672000
1541;357296;1182788000
1542;72110;314016000
1543;18;6980000
1544;99653060;77599106000
1545;37;2216000
1546;37;981000
1547;37;934000
1548;34;1069000
1549;7169123;60022568000
1550;11716128;60000277000
1551;1;167000
1552;0;60225319000
1553;4;1017000
1554;34281;208856000
1555;7776;72440000
1556;5;905000
1557;5;663000
1558;5;578000
1559;0;6871000
1560;33451;164185000
1561;12277;30633000
1562;4943474;61391003000
1563;70820;621238000
1564;1669;57157000
1565;37824;257283000
1566;16474;77656000
1567;347;4890000
1568;0;0
1569;0;0
1570;7729336;60000415000
1571;524968;1117761000
1572;2415;42220000
1573;36;1084000
1574;1648020;7557872000
1575;23;2664000
1576;65;5199000
1577;0;0
1578;220;11397000
1579;0;0
1580;12465;85231000
1581;19048438;25319001000
1582;19048438;24090979000
1583;3731307;13098005000
1584;22810;312493000
1585;10279;175070000
1586;0;0
1587;11847;120029000
1588;2034862;5377849000
1589;110136;259897000
1590;1659373;2266606000
1591;346760;514015000
1592;19081280;8994545000
1593;38588;44809000
1594;6039398;60000474000
1595;7068400;60001218000
1596;541;15063000
1597;1248464;7608550000
1598;44667;139202000
1599;5530;76160000
1600;5184;50091000
1601;2132;16090000
1602;5408;43019000
1603;2172;15430000
1604;5408;39496000
1605;2172;15355000
1606;5531;52499000
1607;18;1173000
1608;18;426000
1609;5407;43748000
1610;2171;15510000
1611;2365;19302000
1612;2904;21935000
1613;14;484000
1614;13;454000
1615;5183;41171000
1616;2131;15975000
1617;13;411000
1618;8;419000
1619;39;1622000
1620;6;391000
1621;647450;2729871000
1622;4692051;3492207000
1623;62;2602000
1624;61;1902000
1625;6889;24100000
1626;37408;184806000
1627;24970;112497000
1628;525037;746478000
1629;10549966;29324026000
1630;346760;524633000
1631;1394754;28349552000
1632;8;632000
1633;0;0
1634;8904;209423000
1635;0;0
1636;12762318;60000671000
1637;4;1116000
1638;5183;49835000
1639;2131;16307000
1640;512;20401000
1641;117;7521000
1642;92;6108000
1643;29;2199000
1644;12;1212000
1645;667;23286000
1646;1570;61665000
1647;10668;134726000
1648;70815;612910000
1649;7097;22205000
1650;738462;1808466000
1651;738462;1086916000
1652;73;2634000
1653;7504;93921000
1654;98041;471739000
1655;26376;297025000
1656;12309;59565000
1657;4704491;36659379000
1658;1;293000
1659;1;164000
1660;8800576;62206426000
1661;2109463;1986400000
1662;1;1090000
1663;0;0
1664;0;0
1665;5;433000
1666;666;9084000
1667;1;218000
1668;26743;309438000
1669;2058;35190000
1670;1072;21404000
1671;7503;86210000
1672;123727;745630000
1673;689863;1656617000
1674;322;10103000
1675;97408;1020284000
1676;2537;34778000
1677;6;1015000
1678;0;0
1679;0;0
1680;0;0
1681;0;0
1682;138;4564000
1683;9;931000
1684;3;371000
1685;1427;10900000
1686;23;1104000
1687;70816;570723000
1688;1;184000
1689;0;0
1690;3448;45876000
1691;126;4493000
1692;500;9154000
1693;906;11260000
1694;0;0
1695;0;0
1696;5561;37429000
1697;1;174000
1698;4;400000
1699;7714233;60000340000
1700;0;0
1701;38479739;60014093000
1702;6261022;62776095000
1703;1137003;60933495000
1704;45374;278378000
1705;0;0
1706;16;1442000
1707;843865;1291315000
1708;6804;50476000
1709;232409;763061000
1710;4;1033000
1711;4;651000
1712;5;636000
1713;210708;401727000
1714;670831;1393082000
1715;1;1078000
1716;4;451000
1717;0;0
1718;4;614000
1719;0;0
1720;0;0
1721;6;770000
1722;1257224;5642185000
1723;0;0
1724;1272;22942000
1725;1318804;4482986000
1726;5038162;17614073000
1727;5636506;20523298000
1728;853178;3240665000
1729;20;4134000
1730;19;878000
1731;18;805000
1732;17;556000
1733;10548219;29398888000
1734;102428;6766682000
1735;57438;243013000
1736;1;8421000
1737;524;14868000
1738;0;4673000
1739;23013;100369000
1740;37731;235482000
1741;581320;5510872000
1742;160279;499716000
1743;449;2979000
1744;14313;72022000
1745;11105203;60000284000
1746;14313;71272000
1747;3217;1162528000
1748;689909;1914276000
1749;90;45583000
1750;5179;86146000
1751;574358;3564745000
1752;43788;299911000
1753;874880;60000286000
1754;41163;130053000
1755;5;1286000
1756;0;0
1757;9071573;9277966000
1758;142545;419497000
1759;142546;367174000
1760;6;961000
1761;6;624000
1762;1;130000
1763;142545;365626000
1764;35;1336000
1765;7;731000
1766;0;0
1767;373;9406000
1768;16;496000
1769;36;1298000
1770;1156;7389000
1771;667969;982535000
1772;82670803;87813581000
1773;38379;323659000
1774;15412;106862000
1775;18661;312573000
1776;247552;1206588000
1777;23374;178187000
1778;63816;167885000
1779;18773;127769000
1780;336695;699006000
1781;24987;114728000
1782;26747;217540000
1783;21351;156742000
1784;27876;210082000
1785;144306;382148000
1786;31684;120272000
1787;26437;102302000
1788;89345;222728000
1789;525082;883201000
1790;22587;124669000
1791;20772;121071000
1792;322582;511336000
1793;28972;171200000
1794;64003;124233000
1795;27539;116562000
1796;19333;133968000
1797;88805;218062000
1798;15594;58028000
1799;169944;471401000
1800;29136;164119000
1801;84484;1002335000
1802;67938;4851845000
1803;0;0
1804;1326755;2239295000
1805;936298;1457754000
1806;6760070;17666850000
1807;2046002;7346511000
1808;1969581;6500417000
1809;3417993;9084443000
1810;4891;59139000
1811;2495;51693000
1812;2487;16573000
1813;12687;75864000
1814;3109;45304000
1815;0;0
1816;894;13948000
1817;1567;34079000
1818;5110;45803000
1819;1961;37981000
1820;141;4217000
1821;1716;32012000
1822;4;936000
1823;6;852000
1824;11054;130508000
1825;50;3785000
1826;37629;141881000
1827;2636636;7503527000
1828;0;0
1829;57129;311948000
1830;140700;10203612000
1831;3926322;16340436000
1832;19069110;6180757000
1833;14568;96541000
1834;5011;52728000
1835;629962;2842901000
1836;632654;2909559000
1837;28;1698000
1838;1644835;4133322000
1839;6;807000
1840;1;133000
1841;0;292203000
1842;375;12982000
1843;275;9462000
1844;144958;319092000
1845;417;13013000
1846;287428;11365552000
1847;4;504000
1848;47792;331614000
1849;7498;38706000
1850;17;1367000
1851;16272;26803000
1852;1322;12100000
1853;15409;70558000
1854;1;185000
1855;2;281000
1856;346;2101000
1857;34979162;66872066000
1858;4998440;7450229000
1859;154141;278557000
1860;23121;127755000
1861;0;0
1862;0;0
1863;21547;124709000
1864;18274;115264000
1865;14044;34739000
1866;4710;59022000
1867;4097311;3020823000
1868;967;20622000
1869;392710;15011318000
1870;2514567;60005499000
1871;1;222000
1872;121;7824000
1873;57;1601000
1874;178;4365000
1875;4;918000
1876;3885;484094000
1877;1872;113112000
1878;1510;46214000
1879;543;16557000
1880;109337;253072000
1881;0;0
1882;0;0
1883;1335396;8069094000
1884;0;0
1885;0;0
1886;22;1976000
1887;0;0
1888;199;5938000
1889;4605;79499000
1890;1285;28032000
1891;1034;10515000
1892;951;12484000
1893;767797;60021368000
1894;9;2397000
1895;20054;224687000
1896;412235;1960247000
1897;93164;569781000
1898;4;1028000
1899;712044;2527006000
1900;585311;676296000
1901;578360;655174000
1902;0;0
1903;3679;20524000
1904;861;6150000
1905;175;1020000
1906;793;2812000
1907;14410;86970000
1908;14314;77692000
1909;14410;65777000
1910;14314;67753000
1911;1193;27220000
1912;1265;66396000
1913;1771;34512000
1914;32600;217849000
1915;30;1093000
1916;96;2411000
1917;130;2046000
1918;96;1403000
1919;317;3618000
1920;13171;99865000
1921;2684;20953000
1922;429710;60000396000
1923;0;0
1924;5;1227000
1925;95336;864449000
1926;48;1555000
1927;756;13625000
1928;1497;31230000
1929;3065614;13799046000
1930;2889812;14620684000
1931;0;0
1932;38612;145102000
1933;2;426000
1934;24;1312000
1935;3022;19678000
1936;22113;149011000
1937;918;6955000
1938;234;6923000
1939;8;739000
1940;6;903000
1941;6;589000
1942;1014;17994000
1943;0;0
1944;20739130;12005177000
1945;2383;17378000
1946;14410;71388000
1947;14314;69939000
1948;420;12480000
1949;1323002;16997431000
1950;0;0
1951;1220;14891000
1952;27496;278800000
1953;24908;240310000
1954;2523357;11767199000
1955;3066;50231000
1956;58;3141000
1957;0;219000
1958;41422;173407000
1959;71212;242114000
1960;16;1345000
1961;2113;18366000
1962;1;150000
1963;7933;113986000
1964;27681;90861000
1965;2112;16297000
1966;15155;98262000
1967;11639;45179000
1968;517687;25863519000
1969;279511;24167586000
1970;42506;366440000
1971;96;2184000
1972;16299;38170000
1973;0;0
1974;0;0
1975;8;1088000
1976;0;0
1977;1265;9776000
1978;3;609000
1979;4578051;11045996000
1980;1325118;7479255000
1981;910090;60005526000
1982;42475;293128000
1983;36074;53350000
1984;2643;29127000
1985;0;0
1986;73;2833000
1987;34;438000
1988;1;144000
1989;302;8114000
1990;16989;198042000
1991;783145;3027853000
1992;126583;374335000
1993;638451;1131748000
1994;18240;81644000
1995;3659334;20968676000
1996;20;6362000
1997;4;789000
1998;11841021;61059111000
1999;0;0
2000;44533;212625000
2001;198931;834752000
2002;2336231;10831389000
2003;360;8409000
2004;638855;1092173000
2005;86816;147924000
2006;10235;12400000
2007;2568;41265000
2008;1;180000
2009;6046;65808000
2010;0;0
2011;240855;956243000
2012;5362;58967000
2013;5361;51776000
2014;14843157;61990242000
2015;0;0
2016;212028;2010726000
2017;35092;253458000
2018;13144;19403000
2019;13143;17621000
2020;1622;12007000
2021;2475499;2419098000
2022;344;13393000
2023;4153;57988000
2024;0;0
2025;277284;60019772000
2026;10583157;61352169000
2027;20;266448000
2028;0;0
2029;1563;84041000
2030;0;0
2031;14866693;61740758000
2032;994420;60829602000
2033;8680;22430000
2034;74066550;76537198000
2035;70;6093000
2036;5;916000
2037;280;5009000
2038;240234;804811000
2039;0;0
2040;3817;58760000
2041;0;0
2042;35092;246000000
2043;0;0
2044;67586;325295000
2045;3;770000
2046;67585;219249000
2047;6811;53386000
2048;107312;266876000
2049;8934;80098000
2050;0;110000
2051;231;6929000
2052;524;11534000
2053;744;2895000
2054;0;0
2055;19152;103067000
2056;46968;93210000
2057;5749;92065000
2058;536;13990000
2059;379;8369000
2060;6805;43118000
2061;5775;26015000
2062;5032;48898000
2063;36;2024000
2064;6;647000
2065;8;939000
2066;311;8002000
2067;0;0
2068;171940;1185658000
2069;5405;60950000
2070;4551668;9660280000
2071;4184729;21439467000
2072;4196850;21289454000
2073;301;15096000
2074;226;5904000
2075;55;3181000
2076;6402432;62049614000
2077;6390959;62030741000
2078;260512;1452534000
2079;2383;46671000
2080;212029;576820000
2081;102312;487552000
2082;1823;29803000
2083;28841;148518000
2084;0;506000
2085;11556844;63506971000
2086;7348;191818000
2087;6805;101516000
2088;10533;81048000
2089;35878;394032000
2090;2097764;22667148000
2091;35937;249879000
2092;4;535000
2093;46648799;60025496000
2094;16473;115829000
2095;16473;87690000
2096;75728;573087000
2097;19954;152799000
2098;121585;219236000
2099;110430;540408000
2100;19634;184300000
2101;307859;543049000
2102;10779;45893000
2103;42092;247987000
2104;44637651;60001343000
2105;8674998;20017864000
2106;5361;64419000
2107;4;876000
2108;8675425;20534132000
2109;7324050;36107137000
2110;1;475000
