1.06614
6.00955
60
4.18806
2.38753
27.1526
4.01925
25.7111
0.666713
1.57143
4.71244
2.15612
0.154701
0.658961
7.58674
0.40331
0.007844
0.385171
0.120439
0.026489
0.298507
0.554386
3.10868
7.78093
0.058658
6.10549
4.73846
0.151639
2.19306
5.68874
0.375749
0.382585
0.216738
0.083436
0.088535
0.767837
11.3059
1.13289
0.090426
2.17427
0.692062
0.017084
0.067863
1.31752
0.998945
60
3.69605
14.1026
6.7222
2.5192
2.21465
60
10.541
4.35076
0.259215
3.69221
3.21736
60
1.07452
0.015505
0.041504
2.49779
1.60728
2.67209
3.01545
0.003424
0.000737
0.000671
0.000533
3.50716
0.006946
0.013336
0.231045
5.35848
3.45981
0.965579
2.48335
0.122593
5.30197
6.52183
9.08947
0.258314
60
0.701897
23.7245
0.89684
0.164742
0.480457
