0.189542
0.000206
1.03259
0.120675
0.091389
1.06614
0.007593
0.160716
0.651631
0.028682
0.014164
0.001616
0.013236
0.087024
0.083747
0.000247
0.013448
0.034805
0.257489
0.104222
0.254434
0.414236
0.011672
0.640724
1.71824
0.037817
0.230351
0.027115
1.00538
0.056481
0.049589
0.063741
1.29979
0.137414
0.009986
0.001728
1.00421
0.192482
0.362418
0.212558
0.521064
0.50746
6.00955
0.53855
0.003793
0.000231
0.000153
0.689483
0.295348
60
0.176645
0.201463
0.058289
0.551109
0.247824
0.000528
0.008238
0.02905
0.001189
0.001786
0.000486
0.000563
0.006569
0.000545
0.035356
0.000854
0.005505
0.935625
0.044033
0.001212
0.005363
0.609921
0.00021
4.18806
2.05866
0.047701
2.18284
0.03659
0.051271
0.572531
0.021694
0.203165
0.040076
0.045933
0.155085
0.033361
1.96374
1.38808
0.70787
0.005035
0.01375
0.42018
0.688224
0.59663
0.146979
0.023653
0.000448
0.007221
0.213701
0.003151
0.080369
0.000581
0.254291
0.158341
0.062466
0.030198
0.920914
0.102529
1.337
0.092631
0.078049
0.03115
2.61081
0.003492
0.034106
0.069985
0.098799
0.044802
0.074352
0.045339
0.16695
0.576772
0.009799
0.553334
0.025226
0.059475
0.00937
1.19921
0.084092
0.849913
0.030414
0.037087
0.0092
0.34236
0.002596
0.47983
0.019565
0.212698
0.016188
0.002929
0.070149
0.003741
0.034616
0.749299
0.061358
0.023582
0.001001
0.00039
0.028361
0.000672
0.004059
0.023662
0.671112
0.004797
0.012073
0.040701
0.002029
0.009407
0.110716
0.069367
0.44959
0.038435
0.21865
0.549978
0.04634
0.009047
0.317139
0.629643
0.3214
0.094187
0.445876
0.103652
0.002725
0.07988
0.112264
0.000485
0.043704
0.004534
0.010195
0.006024
0.021182
2.73899
0.352005
0.134486
2.38753
0.002081
0.37874
0.89833
0.006884
0.313325
1.09304
0.02983
0.478689
1.53519
0.0574
0.725067
1.37126
0.673669
0.010677
0.000819
0.248961
1.25952
0.747621
27.1526
4.01925
1.22701
1.50915
0.548502
0.509475
0.037839
2.62819
0.000168
0.151999
0.002572
0.497871
0.000189
0.006029
0.005002
0.079235
0.219322
0.032285
0.000402
0.001099
25.7111
0.246703
3.35154
0.001999
1.21296
0.631318
0.001131
0.001752
1.25524
0.073169
0.444963
0.056951
0.001291
0.000745
0.016844
0.034676
0.001513
0.233292
0.000943
0.000673
0.018484
0.101608
0.011343
0.057978
0.047239
0.005526
0.429365
0.002717
0.028881
0.011652
0.004719
0.003413
0.095031
0.666713
0.995022
2.54393
0.000266
0.103771
0.182834
0.123182
0.005384
1.71487
0.004105
0.04003
0.195545
0.061793
0.005891
0.000212
0.00329
0.001694
0.000202
1.21229
0.321985
0.000521
0.001299
1.57143
4.71244
2.15612
0.140612
0.522983
0.361175
0.023361
0.195552
0.037076
0.040337
0.037228
0.000279
0.154701
0.012515
0.116716
0.399529
0.010255
0.126359
0.042866
0.118809
0.001301
1.31688
0.887402
0.174044
0.253952
0.006833
0.148709
0.474118
0.000864
0.010721
0.012623
0.125183
0.003142
0.005671
0.232569
0.096519
0.050834
0.234846
0.000658
0.007386
0.000832
0.002296
0.000434
0.004258
0.000542
2.34098
0.907263
0.382285
0.908938
0.22176
0.001286
3.40576
2.37073
2.35291
0.270004
0.247741
0.527728
3.43783
0.658961
7.58674
0.40331
0.00426
0.028147
0.006533
0.674465
0.072812
0.037747
0.083577
0.023396
0.122337
0.119383
0.029124
0.113954
0.00035
0.005235
0.038448
0.584129
0.077616
0.015359
0.007844
0.000314
0.000572
0.000404
0.000294
0.000298
0.000329
0.000306
0.027634
0.000473
0.000348
0.000412
0.00029
0.030854
0.124747
1.24747
0.001821
0.669093
1.05201
0.104401
1.18393
0.5288
1.2207
0.106545
0.002959
0.000423
0.00031
0.268858
0.377671
0.613513
0.028407
0.089093
2.34403
0.01556
0.032035
0.001508
0.01266
0.070559
0.011017
0.010719
0.017119
0.010331
0.011289
0.006827
0.692479
0.041701
0.233816
0.385171
0.128476
0.001203
0.001704
0.091347
1.18114
0.06679
1.07907
0.480923
1.34514
1.33492
0.032274
0.074507
0.461424
0.183247
0.112876
0.053119
0.001768
0.002759
0.000391
0.000523
1.26308
1.281
0.403295
1.23953
0.932206
0.120439
0.026489
0.298507
0.054099
0.010743
0.00222
0.448133
0.013704
1.24163
0.686556
0.236892
0.557249
0.371895
0.589337
0.794227
0.320298
0.033171
0.032548
0.106583
0.0217
0.006894
0.25805
0.08241
0.000768
0.016376
0.096993
0.000188
0.001995
1.19018
0.027495
0.001081
0.069285
0.070416
0.009208
0.489863
0.070773
0.076977
0.05903
0.194129
0.000396
0.0678
0.028324
0.196435
0.103765
1.30899
0.002335
0.096044
0.000272
0.038087
0.228105
0.719245
0.554386
0.017356
0.304321
0.543944
0.000985
0.02221
0.005963
0.02536
0.002418
1.01172
0.008456
0.047688
0.01513
0.087716
0.000179
0.001937
0.1472
0.009694
0.003771
0.032963
3.10868
0.032235
0.038627
0.000284
0.026525
0.128674
0.013691
0.002715
0.002555
0.063328
0.002844
0.000321
0.619612
0.017812
0.237578
0.001026
0.003982
0.311887
7.78093
0.003246
0.007139
0.002398
0.029926
0.028101
0.002061
0.015111
0.012865
0.012974
0.197692
0.015082
0.00495
0.687228
1.26536
0.077712
0.005997
0.729974
0.001212
0.000727
0.002487
0.193276
0.058658
6.10549
0.273668
1.55409
1.41936
1.60284
0.413334
0.114543
1.3756
0.006294
0.426163
4.87133
0.000629
0.352323
0.352329
0.064911
0.045379
0.019867
2.4547
0.001912
0.517262
0.717209
4.73846
0.018851
0.453485
0.151639
0.039544
0.091062
2.19306
0.418546
0.016928
0.371258
0.327312
0.001364
0.143004
1.01525
0.131922
0.24191
0.142274
0.179973
0.018369
0.081769
0.624229
0.012676
0.161286
0.010735
0.199716
5.68874
0.002346
0.013613
0.006257
0.408336
0.241998
0.091526
0.017039
0.94426
0.462185
0.002643
0.189263
0.056594
0.375749
0.001889
0.382585
0.013635
0.000798
1.7373
0.520153
0.120203
0.033155
0.005614
0.069329
0.012783
27.8047
0.207613
1.25996
0.006673
0.145042
0.188081
0.088951
0.031545
0.512644
1.24323
0.216738
0.083436
0.201854
0.007247
0.141125
0.001871
0.003122
0.000121
0.005565
0.173875
0.142068
0.568691
0.023814
0.689913
0.05318
1.84883
0.000825
0.017191
0.000958
0.006849
0.000405
0.142319
0.000733
0.004307
0.004058
0.050755
0.000625
0.000406
0.012183
0.000418
0.000314
0.000255
0.000318
0.002556
0.000453
0.001116
0.002472
0.000326
0.000317
0.000336
0.000406
0.000315
0.000245
0.000487
0.000571
0.000287
0.00026
0.000508
0.000381
0.005041
0.00033
0.000279
0.000261
0.000371
0.001719
0.004098
0.000362
0.000315
0.001043
0.000364
0.000262
0.000256
0.000329
0.000289
0.008277
0.000278
0.00043
0.000293
0.000297
0.000281
0.00067
0.000328
0.000268
0.0003
0.002284
0.000261
0.000287
0.000775
0.00034
0.062292
0.000423
0.003712
0.000373
0.00034
0.000278
0.000263
0.000306
0.000377
0.020304
0.00427
0.002757
0.088535
0.001458
0.000725
0.076541
0.001699
0.000566
0.000723
0.000353
0.00078
0.000583
0.188625
0.00091
0.000743
0.018379
0.06826
0.071682
1.6068
0.006934
0.181126
0.011051
0.098353
0.000788
0.206744
0.189676
0.089722
0.627505
0.001051
0.21652
0.000759
0.288383
1.36854
0.097152
0.013637
0.208922
0.068575
0.026254
0.327508
0.001489
0.835089
0.202259
0.002714
9.27514
0.002354
0.005142
0.307475
0.174312
0.225078
0.018054
0.464355
0.000759
0.119214
0.459679
0.226938
0.007264
0.573548
0.37145
0.234136
0.565
0.029711
0.015445
0.019173
0.001018
0.000651
0.000526
0.00093
0.000309
0.103128
0.058177
0.01318
0.002155
0.197928
0.566228
0.595729
0.194458
0.01947
0.059639
0.00077
0.000384
5.45669
0.272846
0.001982
0.027497
0.001609
0.767837
0.002238
0.000705
0.000415
0.004781
0.000494
11.3059
0.000425
0.013252
0.028063
0.00041
0.01891
0.154631
0.112488
1.45362
0.00134
0.000449
0.000353
0.000312
0.000304
0.000325
0.000299
0.00032
0.000381
0.000351
0.010151
2.53066
0.537482
3.17408
0.000667
0.000363
0.000346
0.000354
0.000389
1.13289
0.090426
0.039412
0.00683
0.000608
0.000379
0.00057
0.419937
0.170508
0.059993
0.004749
0.519578
0.000215
0.001621
0.005886
0.191766
0.00106
0.014063
0.006228
4.5e-05
0.223317
0.132607
0.001701
0.00047
2.17427
0.000562
0.000457
0.692062
3.53918
0.568937
0.884209
0.857766
0.000575
0.000552
0.017084
0.000523
0.016315
0.067863
0.005001
0.002746
0.002607
0.002598
0.019189
0.066688
0.117882
0.000417
0.449376
1.13715
0.02576
1.31752
0.23847
2.2e-05
0.021447
0.000422
0.357319
0.000844
0.594887
0.000914
0.000362
0.037272
0.0012
0.621337
0.084198
0.081798
0.17922
0.012327
0.000622
0.411112
0.391832
0.000904
0.000576
0.000565
0.115624
0.201925
0.998945
0.005375
0.019824
0.046315
0.576347
0.567567
0.000517
0.000546
0.027925
0.299826
0.075145
0.037926
0.154419
0.047307
0.000599
60
0.182514
0.037091
3.69605
0.00055
0.075045
0.000846
0.000292
0.103263
0.009303
1.28536
14.1026
0.416236
0.015343
0.000492
0.021911
6.7222
0.000617
0.006709
0.000735
2.5192
0.000861
0.773016
0.427116
0.000597
0.001126
0.008618
0.000798
2.21465
0.003634
0.000735
0.01622
0.002226
0.07989
0.031776
0.000437
0.00044
0.070666
0.000533
1.28609
0.001013
0.000497
0.009955
0.003666
0.054201
0.000862
0.004151
0.488281
0.644982
0.009418
60
0.206515
0.178019
0.117238
0.350128
0.052888
0.002514
0.000889
0.033317
0.000968
0.000329
0.000768
0.014288
1.46535
0.347915
0.043828
0.042329
0.000884
0.012915
0.01054
0.028741
10.541
0.040368
0.027165
0.134996
0.050034
4.35076
0.310311
0.008482
0.002874
0.000382
0.000665
0.000563
2.96307
0.038879
0.00103
0.003721
0.000872
0.000545
0.000496
0.000456
0.000722
0.259215
0.014799
0.001082
1.49585
1.26895
0.075991
3.69221
0.00015
0.000119
0.002617
0.830467
0.000905
3.21736
0.652255
0.003946
0.001987
0.004577
0.000832
0.000309
0.015049
0.320523
1.05242
0.010224
0.008156
0.001888
0.000605
0.029403
0.272007
0.001258
0.002056
0.013162
0.004805
0.010394
0.00085
0.000143
1.84512
0.448334
60
2.39162
0.294531
1.07452
0.000911
0.000503
0.239861
0.618578
0.497429
0.591366
0.081644
0.028881
0.007104
0.149859
0.00275
0.000735
0.003715
0.003735
0.000338
0.018122
0.001466
0.30911
0.09816
0.073955
0.000621
0.004139
0.004882
0.000708
0.015505
0.608753
0.145213
0.041504
0.001048
0.719113
0.821162
0.535684
0.607716
0.177796
0.159017
0.032867
1.20061
0.002916
0.048649
0.613646
0.127933
0.190781
0.000917
0.22411
0.160332
0.000888
0.001914
0.002597
0.006184
0.000717
0.000487
0.000294
0.047792
2.49779
0.001014
1.06739
0.000485
0.020612
0.082174
0.033329
0.000897
0.305331
0.000692
0.000367
0.009055
0.000202
0.294095
0.019495
0.021844
0.050068
0.066392
0.00088
2.02297
0.224553
0.00418
0.090662
2.08547
0.001037
0.000348
0.000343
0.007097
0.000262
0.001759
1.60728
0.001159
0.044544
0.000206
0.190813
0.02598
0.018323
0.424958
0.16145
0.027842
0.000502
0.000228
0.009368
0.799847
0.002923
0.21648
0.008416
0.228781
0.006178
0.408272
0.030623
0.000536
0.001204
0.00145
1.06106
0.243518
0.004596
0.006768
0.000679
0.00064
0.000918
0.000166
0.000768
0.182665
0.05762
0.000681
0.000529
0.0004
0.139798
0.024674
0.582759
0.044475
0.285504
0.079601
0.004279
1.09071
0.033729
0.000806
0.001728
0.003595
0.007711
0.060664
0.195255
0.127016
0.08154
0.237783
0.450321
0.038215
0.014882
0.119135
0.060521
0.049272
0.015473
0.041292
0.014556
0.040333
0.015183
0.040812
0.00095
0.000318
0.042691
0.015388
0.018924
0.02116
0.000347
0.000318
0.039873
0.01563
0.000315
0.000346
0.001244
0.000303
2.67209
0.00172
0.000959
0.030703
0.200422
0.102866
0.744822
0.471462
0.000397
0.123829
0.000915
0.046621
0.015903
0.018727
0.006444
0.004721
0.001973
0.000869
0.019868
0.053689
0.132918
0.604885
0.019618
1.58493
1.04023
0.002137
0.076045
0.424838
0.264775
0.052149
0.000259
0.000129
0.000808
0.000274
0.007275
0.000156
0.276719
0.025912
0.015025
0.069677
0.672153
1.47719
0.006996
0.925905
0.026646
0.001159
0.002857
0.00071
0.000288
0.009436
0.000756
0.565997
0.000162
0.038045
0.002591
0.006303
0.008247
0.027951
0.000165
0.000269
0.320601
0.000964
1.38558
0.045542
0.768777
0.0008
0.000477
0.000497
0.422175
1.29056
0.000422
0.000569
0.016502
3.01545
0.003424
0.000737
0.000671
0.000533
3.50716
0.212616
0.006946
0.013336
0.084169
0.231045
5.35848
0.462303
0.001912
0.070444
0.069501
1.07638
1.75747
0.036856
0.067255
3.45981
0.319363
0.118511
0.000997
0.357119
0.318503
0.00077
0.000468
0.000121
0.317905
0.000999
0.000508
0.006645
0.000326
0.000799
0.006138
0.921607
0.314601
0.098178
0.296597
1.12102
0.145776
0.148188
0.106282
0.611255
0.092363
0.170992
0.11765
0.164043
0.301202
0.094382
0.076123
0.180802
0.709212
0.096476
0.085443
0.433966
0.163482
0.109395
0.094142
0.116039
0.215478
0.046413
0.457794
0.143548
0.965579
2.48335
1.38513
0.048391
0.036611
0.012105
0.061588
0.035062
0.009599
0.024834
0.037666
0.028338
0.002593
0.022886
0.000738
0.00062
0.122593
0.002278
0.126067
0.283808
5.30197
0.090647
0.042408
2.8425
2.67499
0.001184
0.000572
0.000122
0.256774
0.009066
0.007093
0.305773
0.009516
6.52183
0.000347
0.375282
0.034384
0.001002
0.038013
0.012855
0.072623
0.00016
0.000203
0.001295
0.234565
0.10851
0.104734
0.094444
0.031245
0.045875
0.017808
9.08947
0.000223
0.00646
0.001336
0.003557
0.000729
0.258314
0.101958
0.037736
0.012567
0.223678
0.001407
0.00452
0.065842
0.017404
0.00624
0.008556
60
0.001617
0.156516
1.50221
0.527708
0.000772
2.58403
0.776085
0.582748
0.016264
0.004598
0.000765
0.002151
0.081986
0.070375
0.065018
0.065842
0.016875
0.041336
0.02322
0.170994
0.000678
0.001016
0.002446
0.090068
0.014257
0.001007
0.701897
0.001281
0.009247
0.025038
0.120089
0.000366
0.001026
0.01336
0.107314
0.004186
0.004717
0.00047
0.000606
0.000397
0.013206
0.01379
0.072191
0.068094
0.008768
0.009073
0.249796
0.203151
0.03459
0.002211
0.148711
0.210922
0.000834
0.012727
0.000156
0.08824
0.075422
0.011273
0.082441
0.043018
23.7245
0.299322
0.001251
0.030664
0.000849
0.00574
0.000452
0.293961
0.048361
0.02796
0.00212
0.000375
0.000134
0.006356
0.18085
2.7508
0.350182
1.05608
0.065033
0.004436
0.000582
0.201859
0.767146
0.007485
1.16509
0.125753
0.011712
0.033823
0.000165
0.054055
0.89684
0.047453
0.041793
1.97449
0.213466
0.01515
0.012852
0.007337
0.008526
0.042698
0.001735
0.073295
0.022539
0.004551
0.00078
0.003764
0.556222
0.044156
0.164742
0.256379
0.000555
0.203263
0.037785
0.2236
0.070035
0.004575
0.007786
0.001952
0.082546
0.084227
0.073422
0.008448
0.00529
0.032535
0.021408
0.037616
0.001191
0.000551
0.000715
0.005162
1.09935
0.04822
0.005614
0.004243
0.002177
1.35851
0.037722
0.549888
0.480457
0.023055
0.131957
0.175975
0.090548
0.078836
0.347079
0.205722
0.00037
0.112547
0.580431
0.141348
0.209437
0.486858
0.160715
0.514344
0.035984
0.21789
0.049528
0.000652
