\begin{filecontents}{q24-virtuoso.dat}
0.181519985
0.175027132
0.400975942
4.583871126
0.119379043
6.926999092
6.167348861
9.140022993
36.837635993
0.232612848
0.184997081
4.232846021
69.632194042
0.397578001
7.639322996
6.867266893
60.400084018
1.013654947
47.681486845
69.265074014
10.020545005
182.033777952
0.076689004
0.118561983
2.102918863
0.017405033
2.978338956
0.014469861
0.254429101
0.09492588
0.253483057
0.08615303
600.016185998
600.100690841
163.530003786
10.992609977
6.853145837
6.964178085
5.759707927
4.37067914
3.874409198
11.238284111
12.167953014
1.570471048
0.774587869
4.196573019
3.913953065
0.251610994
0.007683992
4.087898969
3.904575109
4.286120891
5.178014993
11.572618007
11.667773962
\end{filecontents}