\begin{filecontents}{q4-virtuoso.dat}
0.00347996
0.364465
0.23215
0.366336
0.00364685
0.046802
0.010334
0.00736499
0.00508308
60
0.0440769
0.023185
0.0197952
0.0292032
0.0111349
0.0120599
0.00588107
0.00440597
0.0183749
0.00340199
0.296511
0.01351
0.00441003
0.00394893
0.003793
0.016516
0.005162
0.00362206
0.00361705
0.00460005
0.00405908
0.003865
0.0172
0.015934
0.00488305
0.00426483
0.0138228
0.00436711
0.00432992
0.00395584
0.0160441
0.00489402
0.00513601
0.010746
0.00454211
0.00377893
0.00372696
0.0156751
0.00419402
0.00367093
0.00433493
0.00604486
0.019448
0.0285408
0.0229251
0.0048492
0.00461411
0.00471091
60
0.00574207
0.00406504
0.033016
0.0363839
0.01649
0.00625992
0.042731
0.016963
0.0139248
0.038728
0.00515294
0.0480871
0.025877
0.00607991
0.00369906
0.00568795
0.004076
0.002949
60
60
0.00927091
0.00576496
0.060535
60
0.019819
0.00594187
0.0304451
0.0196059
0.003829
0.312779
0.00630999
60
60
0.0249729
60
0.00464487
0.00589085
0.00608802
0.0060451
\end{filecontents}