\begin{filecontents}{q22-virtuoso.dat}
1.04264
0.0376961
0.012228
1.26316
8.17456
8.13713
0.864818
0.178512
0.310106
0.909541
0.819372
0.161077
1.49975
0.00557303
0.0447941
1.47345
14.2633
0.374646
0.343639
0.00370097
0.00434113
0.00420093
0.00480795
0.00965905
0.00857687
0.0185401
0.0211129
3.63587
0.109519
19.6754
4.28845
26.9254
0.295376
0.690008
10.0826
0.674016
0.125797
60
0.0185652
0.00633287
0.0330658
6.2029
60
0.114837
0.861396
0.0418558
0.413481
18.8524
8.77864
0.00335002
60
9.20869
0.865604
0.163715
0.014729
0.00678801
0.00928593
4.70578
1.00292
0.0179539
0.0994661
0.00724506
0.0735121
0.02332
4.89293
0.910563
60
60
0.715543
0.035223
0.0129781
0.257442
0.00651789
0.0141201
0.521314
0.0870891
60
2.33518
0.0132751
0.00799012
4.4309
13.0309
3.67764
3.05382
0.0868678
0.0835249
4.58629
0.380028
0.747271
9.90696
0.041563
1.50858
0.0255241
0.00666118
0.0202138
0.00480294
0.00470495
0.462789
5.57677
60
1.44752
60
2.12174
0.012043
0.00991297
1.92126
3.64485
0.0141709
0.00465298
60
1.43993
0.00735211
0.00823593
0.0350931
0.011816
60
1.45184
60
60
0.51975
0.0491362
0.508835
0.049304
0.0312481
2.43325
18.9356
4.75652
3.48085
16.6204
3.25912
3.17254
0.055459
0.161075
0.0696421
0.137979
0.011271
3.03774
0.038502
0.275371
0.0456998
0.00493121
16.5378
11.3053
12.4906
0.0838799
0.131838
0.0218139
0.0380402
0.0214682
60
0.14592
0.0607042
0.011806
0.01036
0.00724602
2.60109
0.69478
0.0770478
\end{filecontents}