\begin{filecontents}{q5-virtuoso.dat}
0.0107472
0.015775
0.00687003
0.00403714
0.0483191
0.032269
0.0251391
0.033473
0.00482201
0.00572204
0.0167329
0.011471
0.014415
0.017009
0.0105209
0.00527716
0.00954103
0.0122378
0.00458884
0.00576687
0.00414896
0.0200489
0.00674105
0.00589895
0.0416799
0.024574
0.0058372
0.00769496
0.00378013
0.0128641
0.0369561
0.00419593
0.00475216
0.00386596
0.00389314
0.00453711
0.00398803
0.00436091
0.025147
0.00585389
0.00549984
0.00398684
0.00375295
0.00539494
0.00709796
0.045223
0.0181811
0.0161171
0.05177
0.00571704
0.00526214
0.00636792
0.043474
0.0428691
0.00640202
0.00620604
0.015769
0.00619793
0.0066278
0.00513101
0.00508213
0.0645888
0.00505996
0.0119421
0.00348902
0.0175621
0.0451419
0.00468302
0.00364804
0.0175581
0.0151241
0.0121522
0.042366
0.0409079
0.00625205
0.00704503
0.00321102
0.0501709
0.00667191
0.0432961
0.00400686
0.012835
0.00550199
0.00451207
0.00503016
0.023741
0.00832701
0.00426698
0.00420308
0.00401378
0.00573707
0.0160329
60
0.0208411
60
\end{filecontents}