\begin{filecontents}{q2-virtuoso.dat}
0.0367532
13.5107
0.059679
0.0939808
0.0214179
0.0110891
0.0340488
0.0314848
0.66625
0.349445
2.83112
0.0700629
0.060168
0.242816
0.246421
0.0155342
0.0104489
0.0421979
0.0213232
2.51699
0.143746
0.083662
0.0166838
0.102471
0.00966406
0.00644898
0.014751
0.0205519
0.113275
0.0125711
60
0.024775
0.089273
5.23532
1.04399
0.348959
8.92712
6.33896
0.024446
0.461962
60
0.033601
0.00367498
0.0337112
0.624935
0.0150712
0.388938
0.134853
0.757434
0.300577
0.304384
7.87977
0.0236771
0.261109
0.198389
0.0889141
0.0538831
0.034214
0.0294008
0.076932
1.31936
0.0214632
0.172314
0.027864
0.149576
0.346286
0.074229
0.0160131
0.00443292
0.05318
0.038677
0.0273039
0.0971861
3.33667
13.8695
0.603957
0.0305388
0.161336
1.23356
2.22959
0.0323009
0.678696
60
0.00385189
0.0246999
11.2857
0.0571508
0.00752497
1.78435
0.256355
0.0459931
0.00943494
5.37029
0.143112
2.98504
0.138202
0.051244
0.0960221
0.0651362
0.0463011
0.0236661
0.024344
0.300657
0.784768
0.0591011
0.038285
0.00854802
7.50176
0.0182459
0.00625992
0.821473
0.0256889
0.499495
0.0124118
0.595538
0.0214629
0.0683069
0.017729
0.0180001
0.256521
0.185712
1.1797
0.05529
0.0244372
0.00382614
0.0172431
0.00578189
0.025744
0.0045011
1.05024
8.63706
14.4277
10.1192
0.265436
4.22763
0.0216401
0.285577
0.018837
0.0136759
15.8599
0.0668559
0.047576
0.0299559
0.0264511
0.0469391
0.0368192
0.029526
0.0227571
0.012584
0.00346208
0.00400686
9.95223
0.523093
0.0159829
11.5591
1.08425
13.3607
11.2486
10.7075
0.086138
0.68266
0.0722761
1.07204
0.0639908
0.383968
0.005198
0.0115979
60
0.21282
0.176816
0.269917
0.184356
0.022682
8.06627
0.051791
0.017689
0.0554428
5.63916
0.0597169
0.004709
0.00798416
0.127168
0.077868
0.0165291
0.187936
0.616636
0.067673
0.0166111
0.00713992
0.022418
0.0101559
0.206867
0.0481942
0.0316589
0.0698831
0.0775161
0.128827
0.0287941
0.046458
2.88292
0.939128
9.69406
0.0431201
0.017688
2.34102
0.472093
4.06273
0.064009
0.061054
0.200328
0.019294
0.00716996
0.31161
0.00875211
0.0101399
0.0033319
0.284108
0.0500371
0.015938
0.00771999
0.0506279
0.00785398
0.0222468
0.00813389
0.01406
0.00630903
0.0458679
0.01792
0.0329521
0.013881
0.37612
5.33151
0.0249169
0.331646
0.0226371
0.179807
0.557762
0.301732
1.43008
0.0283349
0.730531
0.387886
0.0148411
0.085469
0.509583
0.0717459
0.586995
60
0.0577269
0.0232859
0.0127571
0.026535
0.738207
0.641389
0.257657
0.109854
0.063422
0.0163941
0.0151689
3.48091
0.316052
0.125858
0.00636292
0.00450206
3.5672
0.0134079
0.277064
0.0114429
0.018436
6.58372
0.03265
0.307777
0.159404
0.010222
0.045563
0.00489402
0.0043149
0.00459409
0.0234039
14.4623
0.89725
0.0684891
0.0659239
0.0557568
0.0340278
0.012816
0.00941396
0.0881031
0.0401299
0.019721
0.0139759
0.0229599
0.00395989
0.017561
0.00839591
0.00950718
0.0377748
0.0936902
10.8133
11.3461
13.7038
0.036283
1.63081
0.374782
0.278062
0.0122731
0.0319989
0.316827
0.197825
0.0242159
0.0590429
0.014693
0.154955
0.00476909
0.0118961
0.712836
0.0191011
5.00766
0.0177929
0.039999
0.0174711
0.0926528
0.00806403
0.502855
0.743812
0.017324
60
2.11902
0.102502
0.0476079
0.476836
9.54819
0.204405
0.021338
0.00766015
0.00673199
0.00516415
0.017494
0.137823
0.161484
0.190955
0.00582909
0.00522709
0.057375
0.00390196
0.004143
0.023932
0.0049479
0.00451708
0.019326
0.0377388
1.13366
0.561484
3.1361
2.59408
0.00423098
0.00500893
12.2249
0.057153
0.084749
0.0282831
0.716602
0.345749
0.101789
13.1645
13.0603
0.00450015
0.00408602
0.00363588
0.995395
0.310113
0.0129991
0.00619101
0.0104382
0.00391698
0.0200639
0.0484791
0.023716
2.1711
0.00675702
0.00972009
0.103521
0.036453
60
60
0.0327299
0.0480571
0.268826
0.033463
0.0137498
0.0335529
0.103757
60
0.016387
0.0187411
0.049948
0.017019
0.00402093
0.012713
0.337529
0.0710158
0.00363898
0.150293
0.250044
0.0970569
0.0998991
0.174844
4.4467
1.28862
0.015559
0.0177071
0.478834
0.138434
0.113263
0.0218921
0.096004
4.04664
0.0655892
0.396855
0.232463
0.150558
\end{filecontents}