\begin{filecontents}{q3-virtuoso.dat}
1.13673
0.0460939
0.0388241
13.4476
2.77127
2.9961
60
11.3833
0.0295329
11.1124
0.0344241
0.056195
7.59123
0.117274
0.0527451
16.5919
8.02495
7.50171
1.71444
9.53351
14.9153
0.079936
0.71662
0.440599
0.797158
1.54472
9.92334
0.957804
0.825081
1.18499
1.41635
0.050859
0.354861
0.0168002
0.0318542
0.188369
5.36847
0.0348971
0.296577
0.223732
0.772219
2.36837
0.088093
10.3309
0.0550079
9.89527
10.8614
0.210733
0.58242
0.0327599
0.361704
0.178447
0.0775521
8.75265
0.0265939
0.315
0.52993
0.293822
0.0737898
0.349814
1.13043
0.02038
1.13723
0.450372
3.34161
1.24387
0.207513
0.881891
0.080106
0.0992751
2.53019
17.0603
4.22661
0.0434771
0.0706151
0.478155
0.046133
0.627341
0.021399
0.228652
0.123263
60
2.11368
0.00801396
0.0492129
0.15882
0.076056
0.172065
60
60
15.4339
2.81163
0.0159578
0.00954986
0.511572
2.10669
0.638213
0.123631
0.0176451
13.3836
4.03017
0.224272
0.0165858
0.00743508
0.013056
0.078867
2.23304
\end{filecontents}