\begin{filecontents}{q1-virtuoso.dat}
7.52978
7.62328
0.0503352
0.022351
0.489553
0.155014
0.222302
0.549087
0.067008
23.578
0.662803
17.7745
0.024241
26.0691
0.916362
2.94024
2.66639
2.92638
4.43459
0.191401
0.864287
0.0383461
0.0362771
4.47594
0.0584018
7.12981
0.202314
7.33252
0.215808
0.0851941
0.0777729
0.132186
8.43735
2.45203
0.722203
0.894138
5.85267
0.352898
0.181188
0.247923
0.227133
0.220677
0.281062
0.228288
12.4573
0.287602
14.2166
0.126836
1.94449
3.41803
0.00627518
0.0298359
4.23785
0.260809
0.399104
0.339126
5.69041
1.62337
0.142043
0.050024
1.34356
5.39615
1.09831
0.283284
0.728709
0.00978112
0.0812559
2.13562
1.5394
2.26216
0.037545
0.970082
14.3952
0.077425
1.71748
9.72564
0.145654
13.6732
0.0663481
3.85317
7.86992
0.191768
0.0282168
0.113743
0.00541901
13.9402
0.0953841
0.062443
0.758527
0.140746
1.41106
0.022732
0.284439
6.19233
4.21951
2.29096
0.107766
0.678628
1.62542
0.065099
10.7625
5.06878
0.294311
0.262313
0.0212491
0.720363
0.431102
12.402
4.90968
0.292204
0.00903797
0.0903449
0.305252
0.0656178
60
0.142915
0.0558929
0.179296
0.130326
0.0349581
0.13877
0.426458
18.4118
0.0196302
3.94318
15.2565
0.226139
15.6488
3.06461
7.45784
0.348602
0.209673
0.00447917
7.39652
0.172534
0.0129972
0.0788889
1.30605
0.326498
0.018451
0.424678
7.76749
0.191798
15.5048
2.76262
7.70819
16.7763
2.72871
0.344987
0.423989
0.129709
0.0572469
16.0367
15.988
19.1948
13.9798
5.54012
0.048938
18.9161
13.4238
0.234424
0.331206
0.229039
0.017561
0.00783706
16.2368
0.119121
0.179767
0.570695
0.47457
0.943139
1.4347
5.35524
0.0325429
0.055306
0.067554
0.220831
0.0351579
0.0984359
1.02185
0.029299
0.934948
0.0718389
2.61897
5.59484
0.00634003
8.32597
9.75741
4.90919
2.23488
14.3193
3.93616
0.094218
0.0482361
0.0253181
0.168046
0.167337
0.0331399
0.054806
0.0265269
5.89822
1.0161
0.0595038
6.90594
3.85669
0.0646749
8.56565
2.83581
0.276116
0.0733349
1.78958
7.92501
0.720162
0.0132499
0.0194058
0.149385
3.77367
0.282149
7.60467
19.1972
0.072999
0.0133259
0.189302
0.0607052
0.501261
0.122743
1.00146
0.011008
0.654398
4.1646
0.0427649
0.535186
0.032022
0.9634
0.659983
2.75766
1.36376
0.80035
6.92493
5.74762
2.56058
8.38976
0.0981069
0.0474501
0.106481
0.0157771
0.018661
0.00883579
0.00728702
0.0166049
0.171096
0.00788808
0.0691149
0.134951
5.35087
5.98184
0.0473111
0.023627
0.0124879
0.789919
0.00823712
0.0099349
2.03611
6.27955
0.0226631
0.0470252
0.094564
2.09801
0.192316
0.028517
3.90985
3.71918
0.540782
0.17828
0.0137699
1.38927
0.31853
0.144348
0.51824
0.171553
0.126889
1.16713
0.03057
4.4505
0.248898
0.00671601
0.0502949
0.0115869
2.0865
1.69421
0.0458639
0.017257
0.076921
0.0140338
0.191002
0.088521
0.00639295
0.795164
0.066442
0.020124
0.427697
0.0305512
3.06133
1.15271
0.049463
0.227138
0.027833
0.0370359
0.198924
0.098603
0.478141
0.184134
1.07314
0.0225639
0.00770903
0.156195
3.49943
0.04024
0.00919604
0.00895286
0.004251
0.018394
0.0733981
2.07399
7.14012
0.092582
0.110747
0.537349
4.09956
0.068748
0.028837
1.20061
0.035718
0.013227
0.0102
0.00476789
0.54114
0.0721641
0.0538139
0.968457
0.0513289
0.0219412
0.0300839
0.016247
0.131275
5.27649
1.43129
0.683552
0.179602
0.069808
0.06598
0.663978
0.0165491
0.388757
0.00477409
0.03736
10.6766
0.00429392
0.00565195
0.146142
0.186845
0.608716
16.2904
0.027961
0.00508714
0.23471
0.214198
1.77386
0.779661
5.56866
0.021117
11.8081
1.76996
0.17314
0.0397952
0.083533
0.00872397
0.018358
0.130352
0.815591
15.0408
3.88665
0.0427101
0.691182
0.071455
0.891672
0.679663
2.61564
0.22113
0.022414
0.967696
0.0295591
0.138858
0.022593
0.01404
2.58229
0.42054
0.372685
0.155981
0.0404191
0.0318918
8.61915
0.0231049
0.023087
0.05247
0.572014
0.01177
0.0117269
0.054944
0.82191
0.06266
0.392648
0.0357189
0.00503087
0.041795
0.821379
1.1785
0.209055
0.481203
0.274991
0.798068
0.0151291
0.291899
0.0790191
0.203358
0.414749
0.79449
3.27068
0.121089
0.114445
0.756167
0.0353529
0.035193
0.0663788
0.02543
0.0758929
1.00869
0.150583
1.77494
0.0204251
0.91593
3.8923
0.126602
4.34853
0.505376
0.681021
1.28732
1.92411
4.94657
0.74592
\end{filecontents}