3;6237;128132000
5;1;175000
6;356747;2634684000
8;2614;65277000
9;4165;103359000
11;149793;1597470000
12;188;11489000
13;34640;314269000
14;272860;1209171000
15;297;47478000
16;160;24720000
17;17;1634000
18;469;17448000
19;26278;172532000
20;8456;137464000
22;1;179000
23;661;20099000
24;12939;103058000
25;35303;416758000
26;37445;234507000
27;35302;416956000
29;18620;281242000
30;177;9853000
32;130444;1124787000
33;742103;3478692000
34;2538;56300000
35;40453;411906000
36;1738;57211000
42;590522;1918957000
45;4174;66395000
47;1405;24572000
48;1627;49512000
49;440579;1845363000
50;11387;249847000
51;240;13931000
52;31;1899000
53;795680;3381857000
55;50949;452014000
65;190233;956890000
67;8408;356845000
69;187322;862869000
70;156659;1032377000
71;206934;15322826000
72;163270;1257035000
73;129;7569000
74;4;414000
75;1;132000
76;247463;1411180000
78;144269;728744000
79;156750;60000000000
81;7184;108198000
82;9987;157443000
83;3630;63407000
84;51210;516326000
86;38254;596531000
88;3;468000
89;413;20449000
90;4701;71460000
91;40;3059000
92;76;4744000
93;4;407000
94;6;624000
95;245;12918000
99;3;383000
100;230;68385000
101;13;1207000
104;517;13283000
107;293233;1557617000
108;2818;70333000
109;93;4327000
111;319;13869000
116;72360;1741898000
118;1;167000
119;209809;3304285000
121;437999;2810642000
123;11713;101366000
125;455640;3423920000
126;3411;62833000
127;12309;73528000
128;299486;1473636000
130;2861;80275000
131;57199;294978000
132;2360;66206000
135;5035;93004000
136;15813;331508000
137;3361;80071000
138;528324;3416755000
139;488345;2464213000
140;337115;1781910000
141;376;17396000
143;1744;12168000
145;20422;414900000
146;72360;1737203000
147;156562;554093000
148;42475;373279000
150;1211;38616000
151;8;905000
152;296;15456000
153;27686;336764000
154;159;5294000
155;20704;152908000
157;5;700000
158;44943;423478000
159;38964;360705000
160;14837;156575000
161;1863;59939000
163;359864;1784695000
164;18979;209269000
165;412236;2617626000
167;9433;184939000
168;13724;162632000
169;13489;93919000
170;841202;4989878000
171;409;10997000
173;10600;70644000
175;13047;155572000
179;9563;138697000
180;10600;68089000
181;8010;194386000
182;4304;74703000
184;12278;305134000
185;578301;1818469000
186;521;25857000
187;578298;1819334000
188;1743;55076000
189;12530;145501000
192;380;18446000
193;838216;1859354000
195;15440;202183000
196;953843;1860562000
198;13981;57916000
199;6114;98368000
200;368;17890000
202;116682;621013000
203;60;2997000
205;211701;985782000
206;2468;36839000
207;71907;475819000
209;2467;36744000
210;217;9371000
211;8030;188030000
212;268;13084000
213;5146;65508000
214;421927;2058862000
215;18241;169540000
216;3459;62544000
217;22;2016000
218;9;902000
219;2177;58041000
220;25;1629000
221;510;13730000
224;4776;65918000
226;264720;1267430000
227;330;11077000
228;1159;24659000
229;15269;134161000
234;54;2970000
235;712;30857000
236;195;236689000
239;18270;187773000
241;363612;997080000
242;2728;84799000
243;98055;526700000
244;169172;1306753000
245;5276;108503000
246;504;21429000
247;81536;607215000
248;331748;1509605000
249;63529;576193000
250;40536;144852000
251;772265;2566900000
252;29564;271009000
253;57;5302000
255;22622;207229000
262;35942;229240000
263;34;779000
264;3792;98457000
265;677;23304000
266;679;24930000
267;312;15519000
269;7595;48121000
270;641298;4197341000
271;128525;724271000
272;29620;294996000
273;554525;5158261000
274;63;4308000
276;87962;693008000
277;111390;1404422000
279;407;18044000
280;37571;559323000
281;644829;2641365000
283;1090;46656000
286;100624;745591000
287;613238;2769646000
288;5713;129542000
289;909856;1706099000
290;412235;2617350000
291;110522;1016750000
292;1467;29741000
293;21;1601000
296;35943;229457000
297;356746;2637440000
300;88042;694458000
302;359807;60000000000
303;949234;6900033000
306;234587;1199461000
307;412296;2618458000
308;525636;1187763000
309;525635;1187521000
310;8041;102266000
312;841203;4989896000
313;1;176000
314;8967;270210000
316;347;7570000
317;569514;1699470000
322;1;180000
323;290;15478000
324;268;14834000
325;8628;138369000
327;92611;438545000
328;4164;104654000
329;21;1274000
330;82;3020000
333;613392;60000000000
334;50949;453888000
335;848022;5367584000
336;44;3654000
337;530438;2875650000
344;850776;2419733000
345;27;2201000
346;57;4153000
347;221404;2171874000
348;5729;159727000
350;156660;1032979000
351;4314;93994000
352;33;1994000
353;44;1995000
354;1112;43721000
356;4733;87800000
357;99;3800000
358;28899;598685000
359;26;1531000
360;44;2272000
362;4422;26473000
363;46886;190757000
365;211;9903000
367;5568;120338000
368;7507;95382000
380;995;12059000
381;82712;706978000
382;147;6856000
383;2224;49509000
384;1802;24833000
385;497;11988000
386;295;8867000
389;14425;197891000
390;106609;1014385000
391;365678;1836121000
392;829360;5751013000
393;2;362000
394;14747;190698000
395;41423;295244000
396;20634;206407000
398;47;3734000
399;256677;1701935000
400;254;13877000
403;5013;71817000
404;45494;372292000
405;5873;121718000
406;995;14249000
407;2;341000
408;179;8388000
409;93;3892000
410;6;304000
411;386533;2031291000
412;65289;640959000
413;13;1147000
414;53;2818000
417;118043;3953125000
419;190926;32014027000
420;90164;18825452000
421;41071;337248000
422;205017;739580000
423;135998;732062000
424;3092;69011000
427;121411;345307000
429;3771;65341000
430;39163;142316000
432;7327;68391000
433;9;694000
434;5421;346953000
435;889;33995000
436;38612;232159000
438;95356;783518000
440;905;33866000
441;25442;260165000
442;3082;81205000
443;25441;260180000
444;111;6181000
445;688807;2205828000
447;310559;1183545000
448;41422;295958000
449;22117;407075000
450;244;13882000
451;16238;249660000
452;53488;779090000
454;5;638000
455;239;13392000
456;481;18705000
457;9951;205312000
458;225;12829000
459;621;26067000
460;41386;408722000
461;22588;250969000
463;8297;129034000
464;61366;394385000
465;18;1595000
466;402;20306000
467;27;2334000
468;111;7654000
469;21;1484000
470;219;12842000
471;18;1658000
472;755934;3723099000
475;256585;2231493000
476;47016;625032000
477;465560;2013788000
478;8964;350056000
479;96;2767000
485;641299;4199288000
486;538839;3640184000
487;538838;3638945000
488;54135;464108000
489;47898;418686000
491;71468;806314000
492;848022;5365556000
493;106609;1020174000
494;200567;7988303000
495;191616;932856000
497;139;8539000
498;2189;54089000
499;376;13063000
500;222295;1324434000
502;17212;156255000
503;4685;94959000
504;17477;215174000
505;2326;51153000
507;30232;346984000
508;30231;346413000
510;6563;71269000
512;69424;192731000
513;4;497000
515;1090;23001000
516;10515;124564000
517;66240;983544000
520;7180;149520000
522;938;30955000
523;1425;15803000
525;11;709000
526;15;1274000
527;16;1073000
528;14;1055000
529;14;1054000
530;11;1060000
531;11;1056000
532;1383;59018000
533;15;1330000
534;16;1111000
535;13;1030000
536;13;957000
538;5517;149844000
539;20053;249504000
542;822846;3884828000
543;86;4131000
544;215018;1259076000
545;809015;3583630000
546;5810;200326000
547;819856;3793860000
548;165986;972720000
549;447540;2198567000
550;5850;203191000
551;177;9643000
552;46;2665000
553;46;2358000
554;466096;685845000
555;99516;796841000
556;233608;1307495000
557;1381;51739000
559;8754;177880000
560;829284;5471699000
561;1468;29605000
562;1672;59800000
563;36;2143000
564;45;37218000
565;18240;169291000
566;855;20683000
567;793;22282000
568;1828;34054000
569;749;21767000
570;984;24345000
571;446;15696000
572;289500;815535000
573;2831;96612000
574;79893;565938000
575;5066;1159495000
576;14648;221982000
577;30;2614000
578;45;3411000
579;25831;127714000
580;482025;2314137000
581;2820;110269000
584;810813;3627335000
585;138961;855442000
590;447708;2200799000
591;977469;4298281000
592;20365;52247000
593;15354;199947000
596;136415;836259000
599;16103;350134000
603;23040;240805000
604;6190;128322000
607;18;3293000
608;164;10177000
609;13;1102000
610;30;2121000
613;819856;3787402000
614;819861;3790061000
615;559997;1571362000
617;822851;3872847000
619;795680;3369147000
620;65882;289114000
621;4357;40220000
622;76925;562853000
624;27436;197946000
625;888;34173000
626;254;11675000
627;346814;1040054000
628;608;28090000
629;822846;3871019000
631;766339;3582939000
633;7439;397454000
634;578299;1819245000
635;38003;667786000
636;582322;1868993000
637;601379;2200931000
638;594069;1998960000
639;18875;68281000
640;4125;70259000
641;36935;228864000
642;2531;46945000
643;901;35845000
645;52095;500686000
647;11759;179630000
648;34;781000
649;1456;36054000
650;18645;218829000
651;1;173000
652;16;5009000
654;819869;3790811000
657;3179;73215000
658;205;2093000
660;14410;283157000
661;14313;276658000
662;588;24708000
663;384160;1038409000
664;5454;114460000
665;33505;116363000
666;10361;158023000
667;33002;368658000
668;3;453000
670;6852;133041000
671;14591;70273000
673;16641;341693000
674;9456;196109000
677;221403;2178428000
678;80;5948000
680;9457;196167000
681;3;469000
682;18623;46888000
683;56243;403456000
684;440580;1848852000
685;44021;60000000000
687;383;19891000
689;81877;632154000
692;326322;1505206000
693;8;607000
694;1397;52524000
695;374;15764000
696;2005;61417000
698;33;3070000
700;301435;1540708000
701;255;11795000
702;4591;79284000
703;3472;50165000
704;12745;138575000
705;1;168000
706;62;3855000
707;13787;295821000
708;578;21308000
710;285;2388000
712;4509;62083000
714;521573;5476727000
716;2823;72006000
721;1571;59072000
722;3;447000
726;9947;104572000
730;28485;391490000
731;818;28483000
732;102;6717000
733;518;6354000
734;14406;139494000
735;151;6681000
736;5;593000
737;176030;1486681000
738;1628;50464000
739;60165;540747000
740;52;3411000
741;108;16303000
742;52378;580589000
743;588251;20624514000
744;181;10554000
745;606;16161000
746;167;8964000
747;11844;85285000
748;11845;85310000
750;200;5841000
751;1074;44328000
752;2665;37164000
754;2939;52576000
755;164077;453415000
756;1070;33346000
757;184;10149000
758;240006;1520416000
761;346275;1294641000
764;4224;86444000
768;1074;17794000
769;340110;2235820000
771;24;2374000
772;12;1908000
776;94;5398000
777;157616;693957000
778;11087;134182000
782;554773;43640402000
783;45494;372752000
784;511921;2303117000
787;894571;3785030000
789;535515;2611326000
791;303191;1303636000
792;11887;208502000
793;530438;2876315000
794;447;18765000
796;134802;786509000
797;26851;15880836000
798;58;1502000
800;263562;753725000
801;263446;753572000
802;2379;114054000
803;1933;90825000
804;926;43129000
805;538128;5109813000
807;22;1484000
808;37328;529596000
809;120495;924538000
810;801655;9103899000
811;1175;41790000
812;120496;925842000
813;93766;228551000
814;2727;84952000
815;8660;173568000
816;567612;7430770000
817;559996;1569041000
818;1073;44759000
819;557136;1520503000
820;594068;1999093000
821;53;2847000
822;39981;364384000
823;638855;2082429000
824;38599;280526000
826;51447;587607000
829;6884;130682000
830;9788;202266000
831;1173;24235000
832;23792;130857000
833;214069;1056531000
834;614;26532000
835;28484;390853000
836;588;26080000
837;17340;349578000
838;898106;7590222000
841;53;3996000
845;1818;40577000
846;328;15972000
847;374710;963624000
848;56513;485588000
849;1172;147761000
850;2188;25855000
851;424579;1707981000
852;247047;961791000
856;181;8288000
862;9856;128834000
863;9855;128864000
864;7833;772755000
865;31;2171000
866;22280;252041000
867;462;21978000
868;39;1994000
869;509441;2600617000
871;168118;962630000
872;12499;214328000
873;3410;62684000
874;312;15301000
875;17116;133612000
876;2732;30760000
877;864;60000000000
878;97627;437669000
879;209767;2207964000
880;344;18705000
881;15812;331892000
882;18949;353725000
883;6751;178690000
884;4164;105000000
885;441523;1181322000
886;221403;2175857000
888;36494;321661000
889;1472;60000000000
890;43440;350784000
891;35;18294000
894;13788;296656000
895;75;4995000
896;177;9736000
897;1;151000
900;373;15863000
902;14971;172261000
903;5315;161425000
904;239574;1053081000
905;16826;49177000
906;482081;1390253000
907;12597;95836000
908;740977;3829095000
909;4;590000
910;1387;27318000
911;22;1460000
913;3119;29688000
914;4;549000
915;57198;294795000
916;5;445000
917;274;14112000
918;206;11420000
919;27889;94945000
920;6;434000
921;4;318000
922;983;23986000
923;6;511000
924;6;379000
925;5;351000
926;4;310000
927;305;9490000
928;7;510000
929;31;1743000
930;116;5926000
931;5;386000
932;4;317000
933;6;364000
934;7;442000
935;6;350000
936;4;297000
937;20;1177000
938;25;1313000
939;6;475000
940;5;333000
941;7;356000
942;7;500000
943;405;11496000
944;6;418000
945;6;364000
946;4;307000
947;7;352000
948;108;4462000
949;380;8995000
950;7;535000
951;5;366000
952;32;2244000
953;7;508000
954;6;363000
955;4;301000
956;7;351000
957;7;432000
958;1041;18939000
959;4;359000
960;8;385000
961;6;328000
962;6;327000
963;6;372000
964;97;753000
965;7;346000
966;6;356000
967;9;348000
968;254;6114000
969;6;445000
970;4;304000
971;31;1723000
972;7;353000
973;7984;124901000
974;5;405000
975;196;8374000
976;6;557000
977;6;400000
978;6;452000
979;4;310000
980;5;321000
982;7;358000
984;312;15142000
986;48;3312000
987;46;3071000
989;10498;108525000
990;21;1559000
991;4;342000
992;645;71863000
993;26;1603000
995;22;1176000
996;27;1335000
997;2;407000
998;21;1327000
999;22;1153000
1000;23012;294475000
1001;28;1798000
1002;31;1609000
1003;613;26325000
1004;21495;264301000
1005;5610;65748000
1006;209767;2206584000
1007;345;18700000
1008;17341;350241000
1009;589;26067000
1010;9789;202314000
1011;6;619000
1012;60716;454969000
1013;18950;353807000
1014;6752;178342000
1015;66241;982876000
1016;24;2008000
1017;37329;529358000
1018;54;1754000
1019;36301;477934000
1021;248454;2063374000
1022;18565;194136000
1023;1524;27578000
1024;29757;387726000
1025;9075;149021000
1026;8586;41723000
1027;58443;584598000
1028;75;3540000
1029;312007;1727654000
1030;29307;382542000
1031;167;8617000
1032;134002;13438149000
1033;41;3657000
1035;660;11086000
1036;62227;439358000
1037;39732;294979000
1038;50949;454426000
1040;3068;34592000
1041;171132;844100000
1042;8;773000
1044;25809;268590000
1046;78924;825014000
1047;49036;423085000
1048;256;15607000
1049;446136;1258715000
1050;369752;823248000
1051;161919;470178000
1052;543845;1243102000
1053;2870;66700000
1054;1439;37283000
1055;5521;43767000
1056;28;2438000
1057;16;1563000
1058;11;1212000
1059;23;2225000
1060;4;601000
1061;18023;234153000
1062;6933;137692000
1064;1615;25806000
1065;65;5480000
1066;18900;352834000
1067;70816;1673288000
1068;72360;1692828000
1069;20421;414873000
1070;3469;92018000
1071;6616;133537000
1072;8;766000
1073;5;440000
1074;117273;16558282000
1075;41043;384344000
1076;38;3849000
1078;2432;45791000
1079;35;1999000
1080;105524;49015769000
1081;86;4791000
1082;9;525000
1083;6;361000
1084;304;11269000
1085;4;431000
1086;267834;60000000000
1087;4;420000
1088;736;31948000
1089;1965;37175000
1090;6;656000
1091;889;29961000
1093;30231;130086000
1095;38613;232980000
1096;274492;2042350000
1097;25;2427000
1098;9;673000
1099;9;589000
1100;8;517000
1101;8;513000
1102;7;532000
1103;8;503000
1104;10;561000
1105;9;576000
1106;9;705000
1107;421;22048000
1108;213541;4377560000
1109;169171;1307772000
1111;115431;6825863000
1112;9;654000
1113;8;684000
1114;8;626000
1115;8;644000
1116;7;696000
1119;64140;2481127000
1120;3208;162566000
1121;2139;72590000
1122;858;22640000
1123;4;449000
1125;52;564000
1126;5;433000
1127;577066;914781000
1128;32154;351174000
1129;12783;120325000
1130;192;11041000
1133;44814;297443000
1134;1;170000
1136;23;2751000
1137;193;11218000
1139;122190;387672000
1141;6;620000
1142;2141;30473000
1143;278;16178000
1144;10;105000
1145;57437;481352000
1147;10858;186514000
1148;18;1159000
1149;6;547000
1150;421367;3914392000
1151;4;564000
1152;23;1098000
1153;99495;1039519000
1154;16480;4842036000
1155;399289;1015301000
1157;386534;2392926000
1158;5289;2459988000
1159;4;462000
1160;10;739000
1162;6108;31831000
1163;4;588000
1164;649;30750000
1165;14691;169838000
1167;174;8362000
1168;174;7402000
1169;174;7275000
1170;174;7218000
1171;2159;54262000
1173;9511;121372000
1176;33857;277353000
1177;9;787000
1178;214091;1118168000
1180;279875;1968087000
1181;2128;60462000
1182;235386;2167075000
1183;60175;541807000
1184;1;27000
1185;3627;53869000
1186;71;556000
1189;120982;806688000
1190;8;613000
1191;176029;1425580000
1194;5;544000
1195;4;378000
1196;3220;53463000
1200;27;2067000
1201;308678;1081760000
1203;9907;169355000
1205;14952;103516000
1208;50949;455291000
1209;765;29065000
1210;4;454000
1211;245496;808091000
1212;245219;801707000
1214;134;4569000
1215;5;483000
1216;7;687000
1218;27333;234734000
1219;45493;373136000
1221;149793;1597452000
1222;188;12020000
1223;1786;38634000
1224;3535;93927000
1225;57065;1393990000
1226;57066;1394300000
1227;3;609000
1228;7;900000
1229;4469;69284000
1230;7;1658277000
1231;18727;168884000
1234;6257;82033000
1235;28305;349035000
1237;6590;88616000
1238;4;455000
1239;314088;60000000000
1240;42073;329063000
1241;682;57573000
1242;343650;9837261000
1243;4;422000
1245;6094;153365000
1246;23;1590000
1247;8;442000
1248;71266;236080000
1249;577;23341000
1252;263445;1507849000
1253;605312;37942999000
1254;188098;926184000
1255;13643;38829000
1256;15;1255000
1257;1457;51827000
1258;143619;18877827000
1259;4;376000
1260;102;10986000
1261;8;729000
1262;446067;3393122000
1264;19;1261000
1265;55823;1654577000
1266;96374;739288000
1267;9;544000
1269;103;2862000
1270;3119;42553000
1272;9;707000
1273;335589;10717477000
1274;381;14877000
1275;288;9366000
1277;11380;131443000
1278;100;5655000
1279;7741;176686000
1280;3530;62097000
1281;3;523000
1282;6;577000
1283;41583;213880000
1284;179;4760000
1285;324130;2052601000
1286;21;1675000
1287;6;486000
1289;1399;20367000
1290;426;9427000
1292;24256;121714000
1296;64;2208000
1297;684;7349000
1301;191742;398382000
1302;63316;698414000
1303;680;23702000
1306;748076;60000000000
1309;15285;188798000
1310;12544;175979000
1311;7712;134321000
1312;44797;406934000
1313;2395;76747000
1314;190;8322000
1315;10;780000
1316;1869;64976000
1317;25;2067000
1318;8;827000
1319;28;1973000
1320;746;31708000
1321;667740;2932943000
1322;41310;612605000
1323;3305;96587000
1324;2662;92244000
1325;6;561000
1326;843;27210000
1327;841;28777000
1328;520;64768000
1330;446067;26256606000
1331;7592;126322000
1332;5337;65291000
1333;27950;262498000
1334;11847;113889000
1335;834870;6132817000
1337;60477;514989000
1338;378;21729000
1340;879;27492000
1341;91;4969000
1342;353;12695000
1343;233;10911000
1344;553436;38248971000
1347;1999;70456000
1348;11;1174000
1349;212;12196000
1351;5;563000
1352;5;352000
1353;81;3174000
1354;93;3001000
1355;290;11518000
1359;60028;353485000
1362;501;5464000
1363;46;3255000
1367;307933;2463423000
1368;246620;2070330000
1369;6447;150287000
1370;253381;12923191000
1371;1;162000
1372;1;134000
1373;79;5423000
1374;195742;1771344000
1375;6;535000
1377;574358;5248445000
1378;208779;1181572000
1379;109;9408000
1380;7;6995000
1381;35;16147000
1382;5;2947000
1383;1;992000
1385;614;35209000
1386;121992;694485000
1387;433384;1891076000
1388;1574;23158000
1389;4924;17662000
1390;81;5433000
1391;4;469000
1394;31370;68295000
1395;258332;1065908000
1398;12;1314000
1399;2861;26653000
1400;731;20530000
1401;115;7488000
1403;1863;20846000
1404;6;545000
1405;1;132000
1406;438811;3360658000
1407;129650;846780000
1408;365208;60000000000
1409;740977;3828619000
1410;59509;561971000
1411;180281;5097248000
1412;6;544000
1413;6;355000
1414;6204;391217000
1415;582496;1894722000
1416;570836;1722850000
1417;582398;1875744000
1418;23053;295976000
1420;3220;53373000
1421;305;14610000
1422;144264;261669000
1423;134;6870000
1424;71;2419000
1426;126;8475000
1427;306;15387000
1428;12;1044000
1429;1378;52043000
1430;57;2908000
1431;82092;686820000
1432;18964;208416000
1433;13496;208648000
1434;6;640000
1435;204;10855000
1436;244;13159000
1437;13;1538000
1438;5953;29063000
1439;222294;1325157000
1440;28281;334837000
1443;15127;59488000
1444;7;1097000
1446;203075;1472373000
1447;838216;1859372000
1448;195703;1295776000
1449;247163;1385454000
1450;195693;377573000
1451;114299;405419000
1452;3134;74849000
1455;838408;3120389000
1456;592;6627000
1457;925;98007000
1458;207207;1423255000
1459;19972;254825000
1460;43307;411611000
1461;10;845000
1462;26215;480355000
1463;23937;235764000
1464;18;1101000
1465;682;5357000
1466;1965;8413000
1467;2162;51048000
1469;16;3473000
1470;1;1065000
1471;1;642000
1474;2279;49018000
1477;540118;6239679000
1478;6;369000
1480;319881;1700882000
1481;4;486000
1482;1084;38443000
1484;13795;212791000
1485;10072;80686000
1486;369;2258000
1487;85488;623470000
1488;6;543000
1489;4;389000
1490;800;27584000
1492;1;196000
1493;15979;522153000
1494;10425;80334000
1496;792;32305000
1498;3635;57806000
1499;2788;81607000
1500;14;1280000
1503;417472;3439327000
1504;39186;414993000
1505;211;10279000
1506;20591;216376000
1507;475200;2948330000
1508;6;639000
1509;3;313000
1510;4;377000
1511;267;13109000
1512;34;1419000
1516;323;771000
1517;242842;2049222000
1518;6;718000
1519;2957;65408000
1520;1;168000
1521;22961;334827000
1522;1513;51941000
1523;1750;39601000
1524;559996;1570729000
1525;34282;355592000
1526;2369;59223000
1527;4;569000
1528;2;441000
1529;589;19873000
1530;256728;1737541000
1531;220;7232000
1532;47834;428135000
1533;369;20021000
1534;68013;518990000
1535;933;24019000
1536;199974;876580000
1537;3254;72261000
1538;6;557000
1539;13;2116000
1540;49;3835000
1541;357296;2770980000
1542;72109;546713000
1543;18;11795000
1545;37;2281000
1546;37;1767000
1547;37;1737000
1548;34;1611000
1551;1;153000
1553;4;517000
1554;34281;356252000
1555;7776;121228000
1556;5;502000
1557;5;462000
1558;5;460000
1560;33451;329181000
1561;12277;99880000
1563;70820;1649334000
1564;1669;50332000
1565;37824;342937000
1566;16474;228806000
1567;347;11239000
1571;524968;1177425000
1572;2415;51034000
1573;36;1993000
1575;23;2619000
1576;65;6689000
1578;220;13012000
1580;12465;140159000
1584;22810;302175000
1585;10279;247775000
1587;11847;151172000
1589;110136;487911000
1591;346760;1037248000
1593;38588;207432000
1596;541;15757000
1598;44667;162325000
1599;5530;96499000
1600;5184;110957000
1601;2132;53682000
1602;5408;105360000
1603;2172;51412000
1604;5408;105962000
1605;2172;51713000
1606;5531;96617000
1607;18;1534000
1608;18;1257000
1609;5407;105947000
1610;2171;51407000
1611;2365;58800000
1612;2904;68303000
1613;14;969000
1614;13;841000
1615;5183;111847000
1616;2131;53693000
1617;13;1123000
1618;8;919000
1619;39;2309000
1620;6;546000
1621;647450;55380560000
1623;62;4271000
1624;61;3563000
1625;6624;24265000
1626;37398;217626000
1627;24970;207225000
1628;525037;1987382000
1630;346760;1047500000
1632;8;770000
1634;8904;142448000
1637;4;374000
1638;5183;112468000
1639;2131;54754000
1640;512;21748000
1641;117;8103000
1642;92;6429000
1643;29;2348000
1644;12;1056000
1645;667;25394000
1646;1570;60037000
1647;10668;252659000
1648;70815;1679959000
1649;7097;64625000
1650;738462;2399976000
1651;738462;2397012000
1652;73;1004000
1653;7504;129513000
1654;98041;772378000
1655;26376;484118000
1656;12309;74453000
1658;1;190000
1659;1;136000
1662;1;910000
1665;5;613000
1666;666;13025000
1667;1;63000
1668;26743;452270000
1669;2058;66538000
1670;1072;39637000
1671;7503;127843000
1672;123727;1130807000
1673;689863;3213408000
1674;322;13866000
1675;97408;1516397000
1676;2537;57503000
1677;6;433000
1682;138;9103000
1683;9;578000
1684;3;384000
1685;1427;15062000
1686;23;1913000
1687;70816;1649755000
1688;1;171000
1690;3448;75996000
1691;126;7744000
1692;500;20204000
1693;906;17734000
1696;5561;63941000
1697;1;168000
1698;4;433000
1704;45374;404626000
1706;16;1146000
1707;843865;3731163000
1708;6804;73834000
1709;232409;1190491000
1710;4;646000
1711;4;316000
1712;5;523000
1713;210707;745996000
1714;670831;3519626000
1718;4;539000
1721;6;574000
1724;1272;29423000
1728;853178;4363874000
1729;20;7935000
1730;19;4785000
1731;18;4584000
1732;17;4524000
1734;155715;9005802000
1735;57438;481537000
1736;1;16532000
1737;524;33594000
1739;23013;295044000
1740;37731;390349000
1741;581320;57347502000
1742;160279;935887000
1743;449;9567000
1744;14313;275297000
1746;14313;274814000
1747;3217;1341085000
1748;689909;3210632000
1749;90;69631000
1750;5179;110131000
1751;574358;5249251000
1752;43788;448849000
1754;41163;208350000
1755;5;539000
1758;142545;835931000
1759;142546;833907000
1760;6;507000
1761;6;385000
1762;1;129000
1763;142545;833214000
1764;35;2229000
1765;7;540000
1767;373;15654000
1768;16;1164000
1769;36;2551000
1770;1135;7403000
1771;667968;2804616000
1773;38379;173294000
1774;15412;103505000
1775;18661;249451000
1776;247552;1732655000
1777;23374;275279000
1778;63816;353023000
1779;18773;233114000
1780;336695;1493100000
1781;24987;207294000
1782;26746;341556000
1783;21351;251270000
1784;27876;342567000
1785;144306;734244000
1786;31684;222773000
1787;26437;166777000
1788;89345;429762000
1789;525082;1966645000
1790;22587;226818000
1791;20772;188271000
1792;322582;1168187000
1793;28972;332069000
1794;64003;289416000
1795;27539;268054000
1796;19333;276143000
1797;88805;478127000
1798;15594;112857000
1799;169944;1040780000
1800;29136;304612000
1801;84484;1454262000
1802;101477;6034417000
1805;936298;3546449000
1810;4891;105841000
1811;2495;85053000
1812;2487;27305000
1813;12687;140956000
1814;3109;71590000
1816;894;22287000
1817;1567;57219000
1818;5110;119984000
1819;1961;69528000
1820;141;8676000
1821;1716;57996000
1822;4;453000
1823;6;527000
1824;11054;202262000
1825;50;4906000
1826;37629;299728000
1829;57129;445546000
1830;211044;12596304000
1833;14568;141807000
1834;5011;71925000
1835;629962;4109461000
1836;632654;4132921000
1837;28;899000
1839;6;661000
1840;1;135000
1841;0;561010000
1842;375;17395000
1843;275;13054000
1844;144958;742353000
1845;417;19083000
1846;371219;16923619000
1847;4;542000
1848;47792;512700000
1849;7498;82549000
1850;17;2582000
1851;16263;33743000
1852;1260;12410000
1853;15409;129505000
1854;1;169000
1855;2;298000
1856;346;9428000
1859;154141;484601000
1860;23121;234198000
1863;21547;221053000
1864;18274;201825000
1865;14035;50379000
1866;4710;103818000
1868;967;39239000
1869;392710;24590650000
1871;1;174000
1872;121;5193000
1873;57;2433000
1874;178;7688000
1875;4;453000
1876;3885;826120000
1877;1872;179050000
1878;1510;57804000
1879;543;26021000
1880;109337;498907000
1886;22;2092000
1888;199;9597000
1889;4605;136039000
1890;1285;37403000
1891;1034;28218000
1892;951;27253000
1893;198098;60000000000
1894;9;1349000
1895;20054;199625000
1896;412235;2641323000
1897;92933;672752000
1898;4;562000
1899;712044;4509376000
1900;585311;1934487000
1901;578360;1853008000
1903;3676;17321000
1904;860;5931000
1905;175;5156000
1906;793;11397000
1907;14409;284924000
1908;14313;280105000
1909;14409;282108000
1910;14313;275271000
1911;1193;47121000
1912;1265;78845000
1913;1771;63512000
1914;32600;343352000
1915;30;1424000
1918;96;3403000
1919;317;5578000
1920;13171;184503000
1921;2684;43153000
1924;5;547000
1925;95336;1201615000
1926;48;3339000
1927;756;16325000
1928;1497;49145000
1932;38612;233003000
1933;2;335000
1934;24;1573000
1935;3022;35453000
1936;22113;249700000
1937;918;8832000
1938;234;7170000
1939;8;1037000
1940;6;480000
1941;6;477000
1942;1014;37887000
1945;2383;38123000
1946;14409;281347000
1947;14313;274633000
1948;420;16128000
1951;1220;16130000
1952;27496;403635000
1953;24908;371812000
1955;3066;70524000
1956;58;3967000
1958;41422;295778000
1959;71212;402154000
1960;16;1512000
1961;2113;45144000
1962;1;165000
1963;7933;162768000
1964;27681;189424000
1965;2112;44688000
1966;15155;204202000
1967;11623;77438000
1969;279511;34031893000
1970;42506;425071000
1971;96;4313000
1972;16299;99897000
1975;8;699000
1977;1265;40455000
1978;3;431000
1982;42475;373646000
1983;34853;137520000
1984;2643;9772000
1986;73;3165000
1987;34;165000
1988;1;142000
1989;302;11910000
1990;16989;196813000
1991;783145;4680608000
1992;99412;524189000
1993;638451;2556656000
1994;18240;169844000
1996;20;4535000
1997;4;398000
2000;44533;188574000
2001;198931;1018200000
2003;360;15516000
2004;638855;2081729000
2005;86816;416066000
2006;10195;20763000
2007;2568;69056000
2008;1;165000
2009;6046;120923000
2011;240892;1347369000
2012;5362;99433000
2013;5361;99040000
2016;212028;1127147000
2017;35092;552865000
2018;13144;116254000
2019;13143;116268000
2020;1622;19549000
2022;344;19587000
2023;4153;99969000
2027;20;1749000
2029;1563;48426000
2033;8680;76437000
2035;70;4666000
2036;5;434000
2037;280;6548000
2038;240234;999610000
2040;3817;71637000
2042;35092;194335000
2044;67586;515414000
2045;3;541000
2046;67585;440825000
2047;6811;98386000
2048;107312;464201000
2049;8391;147874000
2051;231;10868000
2052;524;15475000
2053;744;11930000
2055;19152;166650000
2056;46968;249180000
2057;5749;162207000
2058;536;17956000
2059;379;18822000
2060;6805;73362000
2061;5548;31904000
2062;5032;125615000
2063;36;3137000
2064;6;460000
2065;8;563000
2066;311;14981000
2068;171940;2302727000
2069;5405;106159000
2073;301;12338000
2074;226;13416000
2075;55;4093000
2078;260512;1237347000
2079;2383;77669000
2080;212029;1126601000
2081;102312;723565000
2082;1823;40626000
2083;28841;253273000
2086;7332;38000000
2087;6805;76119000
2088;10533;153513000
2089;35878;312402000
2091;35937;435964000
2092;4;406000
2094;16473;229408000
2096;75728;535506000
2097;19954;234830000
2098;121585;491298000
2099;110430;828224000
2100;19634;264270000
2101;307859;1045740000
2102;10779;76629000
2103;42092;475876000
2106;5361;88452000
2107;4;442000
