\begin{filecontents}{q22-ring.dat}
0.806121
0.029847
0.018479
0.006348
3.12394
1.38187
0.322689
0.196173
0.004633
0.665048
0.701022
0.154575
0.715906
0.000836
0.045045
1.0199
6.2298
0.065313
0.187882
0.0011
0.00109
0.001087
0.001082
0.001521
0.001178
0.001826
0.00103
1.51903
0.014157
4.32049
0.874624
5.66781
0.054904
0.485387
2.47762
0.33093
0.003148
60
0.004054
0.003366
0.00427
1.9722
14.9938
0.004637
0.561214
0.01974
0.28325
17.986
1.08084
0.000249
5.81277
2.66745
2.67337
0.011484
0.008733
0.008332
0.008225
3.11635
0.715424
3.5e-05
0.076011
0.000863
0.065932
0.002654
1.25591
0.548442
1.57324
1.55024
0.917381
0.098451
0.00282
0.079207
0.014273
0.009834
0.34533
0.067276
0.018693
0.290563
0.00278
0.001399
1.64372
2.14093
1.42604
0.395461
0.455554
0.089921
1.59873
0.307784
0.517887
4.20347
0.008843
0.693309
0.016144
0.005612
0.003137
0.001888
0.002012
0.382691
1.31562
0.139891
0.060897
0.127853
0.058232
0.002237
0.00128
0.066073
0.076354
0.001161
0.000856
0.123798
0.060375
0.001283
0.001099
0.002878
0.000589
0.152152
0.06144
0.368987
1.96372
0.557671
0.001434
0.63423
0.083114
0.05167
1.34591
3.6177
1.70395
0.86413
3.85185
0.00084
0.133197
0.103934
0.650496
0.018408
0.856107
0.024717
0.240916
0.240379
0.002901
5.29295
2.24699
2.17856
0.024192
0.074979
0.002968
5.78753
0.005608
0.026051
0.000585
0.000792
0.007228
0.316174
\end{filecontents}