\begin{filecontents}{q4-ring.dat}
0.000179
0.000468
0.000407
0.000624
0.000383
0.00297
0.001531
0.002272
0.002143
0.283157
0.001484
0.000445
0.000434
0.000318
0.000511
0.000379
0.000351
0.00031
0.00051
0.000386
0.000317
0.000364
0.000442
0.00035
0.000297
0.000475
0.000333
0.000356
0.0005
0.000418
0.000364
0.000307
0.000352
0.000535
0.000366
0.000508
0.000363
0.000301
0.000351
0.000432
0.000359
0.000385
0.000328
0.000327
0.000372
0.000346
0.000356
0.000348
0.000445
0.000304
0.000353
0.000405
0.000557
0.0004
0.000452
0.00031
0.000321
0.000358
1.67329
0.000525
0.000361
0.00042
0.000376
0.000486
0.000352
0.000535
0.000545
0.000132
0.000544
0.000355
0.000369
0.000543
0.000389
0.000168
0.000557
0.000502
0.000462
1.64933
0.228806
0.000374
0.000433
0.000384
1.64976
0.000316
0.000523
0.000507
0.000385
0.000129
0.002229
0.00054
0.284924
0.282108
0.000335
0.281347
0.000699
0.000398
0.000434
0.000442
0.000442
0.000442
0.000442
0.000442
0.000442
0.000442
\end{filecontents}