\begin{filecontents}{q5-ring.dat}
0.001994
0.001995
0.001274
0.001073
0.000607
0.002847
0.00059
0.00146
0.000549
0.001743
0.001177
0.001313
0.001723
0.001559
0.000342
0.001603
0.001176
0.001335
0.000407
0.001327
0.001153
0.001798
0.001609
0.000619
0.000773
0.000766
0.00044
0.001999
0.000431
0.000673
0.000589
0.000517
0.000513
0.000532
0.000503
0.000561
0.000576
0.000705
0.000654
0.000684
0.000626
0.000644
0.000696
0.000449
0.000433
0.00062
0.001159
0.000547
0.000564
0.000462
0.000739
0.000588
0.000613
0.000544
0.000378
0.000454
0.000483
0.000687
0.000455
0.000422
0.000729
0.001261
0.000707
0.000577
0.00078
0.000561
0.000563
0.000469
0.001044
0.002908
0.00064
0.000845
0.000639
0.000718
0.000569
0.000517
0.00046
0.00077
0.000578
0.000646
0.000539
0.000539
0.000453
0.000527
0.000453
0.000562
0.003403
0.000547
0.00048
0.000477
0.000431
0.000541
0.153513
0.000406
0.229408
\end{filecontents}