\begin{filecontents}{q2-ring.dat}
0.000175
2.63468
0.065277
0.103359
0.011489
0.001634
0.017448
0.020099
0.416758
0.281242
1.12479
0.0563
0.057211
0.066395
0.249847
0.001899
0.007569
0.000414
0.000132
0.728744
0.108198
0.063407
0.020449
0.07146
0.003059
0.004744
0.012918
0.001207
0.070333
0.004327
1.7419
0.000167
0.062833
1.47364
0.294978
0.331508
2.46421
1.78191
0.017396
0.4149
1.7372
0.038616
0.000905
0.015456
0.336764
0.005294
0.152908
0.0007
0.360705
0.156575
0.059939
2.61763
0.010997
0.155572
0.068089
0.074703
0.055076
0.018446
0.002997
0.036839
0.475819
0.009371
0.18803
0.013084
0.065508
0.16954
0.062544
0.002016
0.000902
0.058041
0.024659
0.030857
0.084799
1.30675
2.5669
0.271009
0.023304
0.048121
0.294996
1.01675
0.001601
0.229457
4.9899
0.000176
0.00757
1.69947
0.00018
0.014834
0.438545
0.003654
0.002201
0.004153
2.17187
0.159727
1.03298
0.093994
0.043721
0.009903
0.049509
0.024833
0.011988
0.008867
0.190698
0.295244
0.003734
0.013877
0.000304
2.03129
0.001147
0.002818
0.337248
0.033995
0.260165
0.006181
0.407075
0.013882
0.000638
0.013392
0.018705
0.205312
0.129034
0.394385
0.001595
0.020306
0.002334
0.007654
0.001484
0.012842
0.001658
0.625032
2.01379
4.19929
3.64018
0.013063
1.32443
0.000497
0.030955
0.000709
0.009643
5.4717
0.029605
0.0598
0.020683
0.022282
0.034054
0.021767
0.024345
0.015696
0.010177
0.001102
0.002121
1.57136
0.197946
0.011675
1.81925
0.667786
1.86899
2.20093
1.99896
0.070259
0.228864
0.046945
0.500686
0.036054
0.218829
0.000173
0.002093
0.276658
0.158023
0.133041
0.070273
0.196167
0.000469
1.84885
0.019891
0.015764
0.00307
1.54071
0.011795
0.000168
0.003855
0.062083
0.059072
0.000447
0.104572
0.39149
0.050464
0.003411
0.010554
0.016161
0.008964
0.08531
0.005841
0.044328
0.037164
0.033346
0.086444
0.017794
0.005398
0.693957
0.372752
2.87631
0.018765
0.001502
0.925842
0.130857
1.05653
0.026532
0.025855
0.128834
0.021978
0.001994
0.296656
0.004995
0.009736
0.000151
0.095836
0.027318
0.014112
0.01142
0.023986
0.005926
0.011496
0.004462
0.008995
0.002244
0.018939
0.006114
0.008374
0.015142
0.264301
2.20658
0.0187
0.350241
0.026067
0.202314
0.353807
0.178342
0.982876
0.002008
0.529358
0.194136
0.008617
0.034592
0.26859
0.025806
0.352834
1.69283
0.045791
0.004791
0.011269
0.029961
0.23298
0.351174
0.120325
0.00017
0.030473
0.016178
0.001098
1.42558
0.103516
0.004569
0.00159
0.000442
0.926184
0.009366
0.131443
0.005655
0.00476
2.0526
0.001675
0.188798
0.134321
0.008322
0.064976
0.002067
0.000827
0.001973
0.031708
2.93294
0.612605
0.096587
0.092244
0.027492
0.004969
0.012695
0.010911
0.070456
0.003174
0.003001
0.011518
0.003255
0.000162
0.000134
0.005423
0.005433
0.001314
0.020846
1.89472
1.72285
1.87574
0.052043
0.68682
0.208416
0.208648
0.010855
0.038443
0.212791
0.080686
0.027584
0.032305
0.00128
0.000313
0.000377
0.013109
0.355592
0.019873
1.73754
0.000153
0.050332
0.011239
0.051034
0.013012
0.302175
0.207432
0.015757
0.105962
0.051713
0.096617
0.004271
0.207225
1.98738
0.142448
0.021748
0.008103
0.006429
0.002348
0.001056
0.064625
0.129513
0.00019
0.000136
0.000613
0.009103
0.001913
0.000171
0.017734
0.000168
0.000433
0.001146
0.029423
0.481537
0.295044
0.935887
0.833907
0.001164
0.002551
2.80462
0.027305
0.07159
0.022287
0.299728
0.141807
0.071925
4.10946
4.13292
0.000661
0.000135
0.000542
0.5127
0.129505
0.000169
0.000298
0.000174
0.002433
0.007688
0.057804
0.026021
0.498907
0.002092
0.009597
0.136039
0.037403
0.280105
0.275271
0.047121
0.063512
0.184503
0.003339
0.00717
0.037887
0.038123
0.274633
0.016128
0.001512
0.045144
0.000165
0.000142
0.01191
0.196813
0.015516
0.000165
0.099433
0.116254
0.099969
0.001749
0.076437
0.99961
0.515414
0.010868
0.015475
0.16665
0.073362
0.125615
0.013416
0.077669
1.1266
0.040626
0.23483
0.076629
0.088452
\end{filecontents}