\begin{filecontents}{q1-ring.dat}
0.128132
1.20917
0.047478
0.02472
0.172532
0.137464
0.103058
0.234507
0.009853
3.47869
0.411906
1.91896
0.013931
3.38186
0.452014
0.95689
0.356845
0.862869
1.41118
0.157443
0.516326
0.068385
0.013283
1.55762
0.013869
2.81064
0.101366
3.42392
0.073528
0.080275
0.066206
0.093004
3.41675
0.554093
0.373279
0.423478
1.7847
0.209269
0.184939
0.162632
0.093919
0.194386
0.305134
0.145501
1.85935
0.202183
1.86056
0.098368
0.621013
0.985782
0.001629
0.01373
1.26743
0.134161
0.236689
0.187773
0.99708
0.5267
0.108503
0.021429
0.607215
1.50961
0.576193
0.005302
0.22924
0.000779
0.098457
0.724271
0.693008
1.40442
0.018044
0.559323
2.64137
0.046656
0.745591
2.76965
0.129542
1.7061
0.029741
1.19946
1.18752
0.102266
0.015478
0.104654
0.001274
5.36758
0.0878
0.0038
0.190757
0.095382
0.706978
0.006856
0.197891
1.83612
1.70193
0.732062
0.069011
0.142316
0.783518
0.081205
2.20583
1.18354
0.24966
0.012829
0.026067
0.408722
0.250969
3.7231
2.23149
0.350056
0.002767
0.094959
0.215174
0.051153
0.346984
0.071269
0.023001
0.124564
0.14952
0.059018
0.149844
0.249504
3.88483
0.004131
1.25908
3.58363
0.200326
3.79386
0.97272
2.19857
0.203191
0.002665
0.002358
0.685845
0.17788
0.037218
0.096612
0.565938
0.221982
0.003411
0.127714
2.31414
0.110269
3.62733
0.855442
2.2008
4.29828
0.836259
0.350134
0.240805
0.128322
0.003293
3.7874
3.79006
3.87285
3.36915
1.04005
0.02809
3.87102
3.58294
0.397454
0.068281
0.17963
0.000781
0.005009
3.79081
0.073215
0.024708
0.368658
0.341693
0.403456
0.632154
1.50521
0.052524
0.061417
0.050165
0.138575
0.021308
0.072006
0.540747
0.016303
0.580589
0.052576
0.453415
1.29464
0.001908
2.30312
2.61133
1.30364
0.786509
15.8808
0.753572
0.114054
0.090825
0.043129
0.173568
0.130682
0.024235
0.040577
0.015972
0.963624
0.485588
0.147761
1.70798
0.961791
0.008288
2.60062
0.96263
0.214328
0.03076
0.437669
2.17586
0.350784
0.018294
0.015863
0.161425
1.05308
0.049177
1.39025
3.82909
0.029688
0.00949
0.124901
0.071863
0.294475
0.065748
0.454969
0.001754
0.477934
2.06337
0.027578
0.387726
0.011086
0.439358
0.294979
0.8441
0.825014
0.423085
1.25872
0.823248
0.470178
1.2431
0.0667
0.037283
0.043767
0.002438
0.001563
0.001212
0.002225
0.000601
0.137692
0.00548
0.092018
0.133537
4.37756
6.82586
0.07259
0.02264
0.011041
0.297443
0.002751
0.011218
0.387672
1.0153
0.03075
0.054262
0.060462
0.806688
0.169355
0.029065
0.808091
0.801707
0.234734
0.000609
0.0009
1.65828
0.168884
0.082033
0.349035
0.088616
0.153365
0.23608
0.023341
1.50785
0.038829
0.001255
0.051827
0.010986
1.65458
0.739288
0.000544
0.002862
0.042553
0.014877
0.176686
0.062097
0.000523
0.21388
0.020367
0.009427
0.121714
0.007349
0.398382
0.698414
0.023702
0.175979
0.02721
0.028777
0.126322
0.065291
0.262498
0.113889
0.514989
0.021729
0.001174
0.150287
1.18157
0.009408
0.006995
0.016147
0.002947
0.000992
0.035209
0.694485
1.89108
0.023158
0.017662
0.068295
1.06591
0.026653
0.02053
0.561971
0.008475
0.015387
0.013159
0.001538
0.334837
0.006627
0.098007
0.480355
0.051048
0.003473
0.001065
0.000642
0.049018
1.70088
0.62347
0.522153
0.080334
0.057806
0.081607
0.414993
0.010279
0.216376
0.001419
0.051941
1.57073
0.000441
0.002116
0.121228
0.09988
0.342937
1.17743
0.002619
0.006689
0.140159
0.151172
0.487911
0.162325
1.0475
0.025394
2.39998
0.772378
0.013866
0.015062
0.075996
0.007744
0.020204
0.063941
0.404626
3.73116
1.19049
0.009567
1.34109
0.069631
0.448849
0.20835
0.833214
0.140956
0.004906
0.445546
0.017395
0.082549
0.002582
0.009428
0.484601
0.234198
0.221053
0.103818
0.028218
0.027253
2.64132
0.005156
0.011397
0.078845
0.343352
0.001424
0.005578
0.043153
0.233003
0.035453
0.2497
0.008832
0.001037
0.01613
0.295778
0.402154
0.162768
0.189424
0.204202
0.425071
0.004313
0.099897
0.040455
0.003165
0.169844
0.188574
1.0182
0.120923
0.09904
0.552865
0.019549
0.048426
0.004666
0.006548
0.071637
0.440825
0.098386
0.464201
0.01193
0.24918
2.30273
0.106159
1.23735
0.253273
0.435964
0.535506
0.828224
1.04574
0.475876
\end{filecontents}