0.128132
0.000175
2.63468
0.065277
0.103359
0.011489
0.314269
1.20917
0.047478
0.02472
0.001634
0.017448
0.172532
0.137464
0.000179
0.020099
0.103058
0.416758
0.234507
0.416956
0.281242
0.009853
1.12479
3.47869
0.0563
0.411906
0.057211
1.91896
0.066395
0.024572
0.049512
1.84536
0.249847
0.013931
0.001899
3.38186
0.452014
0.95689
0.356845
0.862869
1.03238
1.25704
0.007569
0.000414
0.000132
1.41118
0.728744
0.108198
0.157443
0.063407
0.516326
0.596531
0.000468
0.020449
0.07146
0.003059
0.004744
0.000407
0.000624
0.012918
0.000383
0.068385
0.001207
0.013283
1.55762
0.070333
0.004327
0.013869
1.7419
0.000167
2.81064
0.101366
3.42392
0.062833
0.073528
1.47364
0.080275
0.294978
0.066206
0.093004
0.331508
0.080071
3.41675
2.46421
1.78191
0.017396
0.012168
0.4149
1.7372
0.554093
0.373279
0.038616
0.000905
0.015456
0.336764
0.005294
0.152908
0.0007
0.423478
0.360705
0.156575
0.059939
1.7847
0.209269
2.61763
0.184939
0.162632
0.093919
4.98988
0.010997
0.070644
0.155572
0.138697
0.068089
0.194386
0.074703
0.305134
1.81847
0.025857
1.81933
0.055076
0.145501
0.018446
1.85935
0.202183
1.86056
0.057916
0.098368
0.01789
0.621013
0.002997
0.985782
0.036839
0.475819
0.036744
0.009371
0.18803
0.013084
0.065508
2.05886
0.16954
0.062544
0.002016
0.000902
0.058041
0.001629
0.01373
0.065918
1.26743
0.011077
0.024659
0.134161
0.00297
0.030857
0.236689
0.187773
0.99708
0.084799
0.5267
1.30675
0.108503
0.021429
0.607215
1.50961
0.576193
0.144852
2.5669
0.271009
0.005302
0.207229
0.22924
0.000779
0.098457
0.023304
0.02493
0.015519
0.048121
4.19734
0.724271
0.294996
0.004308
0.693008
1.40442
0.018044
0.559323
2.64137
0.046656
0.745591
2.76965
0.129542
1.7061
2.61735
1.01675
0.029741
0.001601
0.229457
2.63744
0.694458
1.19946
2.61846
1.18776
1.18752
0.102266
4.9899
0.000176
0.27021
0.00757
1.69947
0.00018
0.015478
0.014834
0.138369
0.438545
0.104654
0.001274
0.00302
0.453888
5.36758
0.003654
2.87565
2.41973
0.002201
0.004153
2.17187
0.159727
1.03298
0.093994
0.001994
0.001995
0.043721
0.0878
0.0038
0.598685
0.001531
0.002272
0.026473
0.190757
0.009903
0.120338
0.095382
0.012059
0.706978
0.006856
0.049509
0.024833
0.011988
0.008867
0.197891
1.83612
5.75101
0.000362
0.190698
0.295244
0.206407
0.003734
1.70193
0.013877
0.071817
0.372292
0.121718
0.014249
0.000341
0.008388
0.003892
0.000304
2.03129
0.640959
0.001147
0.002818
0.337248
0.73958
0.732062
0.069011
0.345307
0.065341
0.142316
0.068391
0.000694
0.033995
0.232159
0.783518
0.033866
0.260165
0.081205
0.26018
0.006181
2.20583
1.18354
0.295958
0.407075
0.013882
0.24966
0.77909
0.000638
0.013392
0.018705
0.205312
0.012829
0.026067
0.408722
0.250969
0.129034
0.394385
0.001595
0.020306
0.002334
0.007654
0.001484
0.012842
0.001658
3.7231
2.23149
0.625032
2.01379
0.350056
0.002767
4.19929
3.64018
3.63895
0.464108
0.418686
0.806314
5.36556
0.008539
0.054089
0.013063
1.32443
0.156255
0.094959
0.215174
0.051153
0.346984
0.346413
0.071269
0.192731
0.000497
0.023001
0.124564
0.983544
0.14952
0.030955
0.000709
0.001274
0.001073
0.001055
0.001054
0.00106
0.001056
0.059018
0.00133
0.001111
0.00103
0.000957
0.149844
0.249504
3.88483
0.004131
1.25908
3.58363
0.200326
3.79386
0.97272
2.19857
0.203191
0.009643
0.002665
0.002358
0.685845
0.796841
1.30749
0.051739
0.17788
5.4717
0.029605
0.0598
0.002143
0.037218
0.169291
0.020683
0.022282
0.034054
0.021767
0.024345
0.015696
0.815535
0.096612
0.565938
0.221982
0.002614
0.003411
0.127714
2.31414
0.110269
3.62733
0.855442
2.2008
4.29828
0.052247
0.199947
0.836259
0.350134
0.240805
0.128322
0.003293
0.010177
0.001102
0.002121
3.7874
3.79006
1.57136
3.87285
3.36915
0.197946
0.034173
0.011675
1.04005
0.02809
3.87102
3.58294
0.397454
1.81925
0.667786
1.86899
2.20093
1.99896
0.068281
0.070259
0.228864
0.046945
0.035845
0.500686
0.17963
0.000781
0.036054
0.218829
0.000173
0.005009
3.79081
0.073215
0.002093
0.283157
0.276658
0.024708
1.03841
0.11446
0.116363
0.158023
0.368658
0.000453
0.133041
0.070273
0.341693
0.196109
2.17843
0.005948
0.196167
0.000469
0.046888
0.403456
1.84885
0.019891
0.632154
1.50521
0.000607
0.052524
0.015764
0.061417
0.00307
1.54071
0.011795
0.079284
0.050165
0.138575
0.000168
0.003855
0.295821
0.021308
0.002388
0.062083
0.072006
0.059072
0.000447
0.104572
0.39149
0.028483
0.006717
0.006354
0.139494
0.006681
0.000593
1.48668
0.050464
0.540747
0.003411
0.016303
0.580589
0.010554
0.016161
0.008964
0.085285
0.08531
0.005841
0.044328
0.037164
0.052576
0.453415
0.033346
0.010149
1.52042
1.29464
0.086444
0.017794
2.23582
0.002374
0.001908
0.005398
0.693957
0.372752
2.30312
3.78503
2.61133
1.30364
0.208502
2.87631
0.018765
0.786509
15.8808
0.001502
0.753725
0.753572
0.114054
0.090825
0.043129
5.10981
0.001484
0.529596
0.924538
0.04179
0.925842
0.084952
0.173568
1.56904
0.044759
1.5205
1.99909
0.002847
0.364384
2.08243
0.280526
0.587607
0.130682
0.202266
0.024235
0.130857
1.05653
0.026532
0.390853
0.02608
0.349578
0.003996
0.040577
0.015972
0.963624
0.485588
0.147761
0.025855
1.70798
0.961791
0.008288
0.128834
0.128864
0.002171
0.021978
0.001994
2.60062
0.96263
0.214328
0.062684
0.015301
0.133612
0.03076
60
0.437669
2.20796
0.018705
0.331892
0.353725
0.17869
0.105
1.18132
2.17586
0.350784
0.018294
0.296656
0.004995
0.009736
0.000151
0.015863
0.172261
0.161425
1.05308
0.049177
1.39025
0.095836
3.82909
0.00059
0.027318
0.00146
0.029688
0.000549
0.294795
0.000445
0.014112
0.01142
0.094945
0.000434
0.000318
0.023986
0.000511
0.000379
0.000351
0.00031
0.00949
0.00051
0.001743
0.005926
0.000386
0.000317
0.000364
0.000442
0.00035
0.000297
0.001177
0.001313
0.000475
0.000333
0.000356
0.0005
0.011496
0.000418
0.000364
0.000307
0.000352
0.004462
0.008995
0.000535
0.000366
0.002244
0.000508
0.000363
0.000301
0.000351
0.000432
0.018939
0.000359
0.000385
0.000328
0.000327
0.000372
0.000753
0.000346
0.000356
0.000348
0.006114
0.000445
0.000304
0.001723
0.000353
0.124901
0.000405
0.008374
0.000557
0.0004
0.000452
0.00031
0.000321
0.000358
0.015142
0.003312
0.003071
0.001559
0.000342
0.071863
0.001603
0.001176
0.001335
0.000407
0.001327
0.001153
0.294475
0.001798
0.001609
0.026325
0.264301
0.065748
2.20658
0.0187
0.350241
0.026067
0.202314
0.000619
0.454969
0.353807
0.178342
0.982876
0.002008
0.529358
0.001754
0.477934
2.06337
0.194136
0.027578
0.387726
0.149021
0.041723
0.584598
0.00354
1.72765
0.382542
0.008617
13.4381
0.003657
0.011086
0.439358
0.294979
0.454426
0.034592
0.8441
0.000773
0.26859
0.825014
0.423085
0.015607
1.25872
0.823248
0.470178
1.2431
0.0667
0.037283
0.043767
0.002438
0.001563
0.001212
0.002225
0.000601
0.234153
0.137692
0.025806
0.00548
0.352834
1.67329
1.69283
0.414873
0.092018
0.133537
0.000766
0.00044
16.5583
0.384344
0.003849
0.045791
0.001999
0.004791
0.000525
0.000361
0.011269
0.000431
0.00042
0.031948
0.037175
0.000656
0.029961
0.130086
0.23298
2.04235
0.002427
0.000673
0.000589
0.000517
0.000513
0.000532
0.000503
0.000561
0.000576
0.000705
0.022048
4.37756
1.30777
6.82586
0.000654
0.000684
0.000626
0.000644
0.000696
0.07259
0.02264
0.000449
0.000564
0.000433
0.914781
0.351174
0.120325
0.011041
0.297443
0.00017
0.002751
0.011218
0.387672
0.00062
0.030473
0.016178
0.000105
0.481352
0.186514
0.001159
0.000547
0.000564
0.001098
4.84204
1.0153
2.39293
2.45999
0.000462
0.000739
0.000588
0.03075
0.008362
0.007402
0.007275
0.007218
0.054262
0.121372
0.277353
0.000787
1.11817
1.96809
0.060462
0.541807
2.7e-05
0.053869
0.000556
0.806688
0.000613
1.42558
0.000544
0.000378
0.053463
0.002067
1.08176
0.169355
0.103516
0.455291
0.029065
0.000454
0.808091
0.801707
0.004569
0.000483
0.000687
0.234734
0.373136
0.01202
0.038634
0.093927
1.39399
1.3943
0.000609
0.0009
0.069284
1.65828
0.168884
0.082033
0.349035
0.088616
0.000455
0.329063
0.057573
0.000422
0.153365
0.00159
0.000442
0.23608
0.023341
1.50785
0.926184
0.038829
0.001255
0.051827
0.000376
0.010986
0.000729
0.001261
1.65458
0.739288
0.000544
0.002862
0.042553
0.000707
0.014877
0.009366
0.131443
0.005655
0.176686
0.062097
0.000523
0.000577
0.21388
0.00476
2.0526
0.001675
0.000486
0.020367
0.009427
0.121714
0.002208
0.007349
0.398382
0.698414
0.023702
0.188798
0.175979
0.134321
0.406934
0.076747
0.008322
0.00078
0.064976
0.002067
0.000827
0.001973
0.031708
2.93294
0.612605
0.096587
0.092244
0.000561
0.02721
0.028777
0.064768
0.126322
0.065291
0.262498
0.113889
0.514989
0.021729
0.027492
0.004969
0.012695
0.010911
38.249
0.070456
0.001174
0.012196
0.000563
0.000352
0.003174
0.003001
0.011518
0.005464
0.003255
2.46342
2.07033
0.150287
0.000162
0.000134
0.005423
1.77134
0.000535
1.18157
0.009408
0.006995
0.016147
0.002947
0.000992
0.035209
0.694485
1.89108
0.023158
0.017662
0.005433
0.000469
0.068295
1.06591
0.001314
0.026653
0.02053
0.007488
0.020846
0.000545
0.000132
3.36066
0.84678
3.82862
0.561971
0.000544
0.000355
0.391217
1.89472
1.72285
1.87574
0.295976
0.053373
0.01461
0.261669
0.00687
0.002419
0.008475
0.015387
0.001044
0.052043
0.002908
0.68682
0.208416
0.208648
0.00064
0.010855
0.013159
0.001538
1.32516
0.334837
0.001097
1.47237
1.85937
1.29578
1.38545
0.377573
0.405419
0.074849
3.12039
0.006627
0.098007
1.42326
0.254825
0.411611
0.000845
0.480355
0.235764
0.001101
0.005357
0.008413
0.051048
0.003473
0.001065
0.000642
0.049018
0.000369
1.70088
0.000486
0.038443
0.212791
0.080686
0.002258
0.62347
0.000543
0.000389
0.027584
0.000196
0.522153
0.080334
0.032305
0.057806
0.081607
0.00128
3.43933
0.414993
0.010279
0.216376
2.94833
0.000639
0.000313
0.000377
0.013109
0.001419
0.000771
0.000718
0.065408
0.000168
0.334827
0.051941
0.039601
1.57073
0.355592
0.059223
0.000569
0.000441
0.019873
1.73754
0.007232
0.428135
0.020021
0.51899
0.024019
0.87658
0.072261
0.000557
0.002116
0.003835
2.77098
0.546713
0.011795
0.002281
0.001767
0.001737
0.001611
0.000153
0.000517
0.356252
0.121228
0.000502
0.000462
0.00046
0.329181
0.09988
1.64933
0.050332
0.342937
0.228806
0.011239
1.17743
0.051034
0.001993
0.002619
0.006689
0.013012
0.140159
0.302175
0.247775
0.151172
0.487911
1.03725
0.207432
0.015757
0.162325
0.096499
0.110957
0.053682
0.10536
0.051412
0.105962
0.051713
0.096617
0.001534
0.001257
0.105947
0.051407
0.0588
0.068303
0.000969
0.000841
0.111847
0.053693
0.001123
0.000919
0.002309
0.000546
0.004271
0.003563
0.024265
0.217626
0.207225
1.98738
1.0475
0.00077
0.142448
0.000374
0.112468
0.054754
0.021748
0.008103
0.006429
0.002348
0.001056
0.025394
0.060037
0.252659
1.67996
0.064625
2.39998
2.39701
0.001004
0.129513
0.772378
0.484118
0.074453
0.00019
0.000136
0.00091
0.000613
0.013025
6.3e-05
0.45227
0.066538
0.039637
0.127843
1.13081
3.21341
0.013866
1.5164
0.057503
0.000433
0.009103
0.000578
0.000384
0.015062
0.001913
1.64976
0.000171
0.075996
0.007744
0.020204
0.017734
0.063941
0.000168
0.000433
0.404626
0.001146
3.73116
0.073834
1.19049
0.000646
0.000316
0.000523
0.745996
3.51963
0.000539
0.000574
0.029423
0.481537
0.295044
0.935887
0.009567
0.275297
0.274814
1.34109
3.21063
0.069631
0.110131
0.448849
0.20835
0.000539
0.835931
0.833907
0.000507
0.000385
0.000129
0.833214
0.002229
0.00054
0.015654
0.001164
0.002551
0.007403
2.80462
0.173294
0.103505
0.249451
1.73265
0.275279
0.353023
0.233114
1.4931
0.207294
0.341556
0.25127
0.342567
0.734244
0.222773
0.166777
0.429762
1.96665
0.226818
0.188271
1.16819
0.332069
0.289416
0.268054
0.276143
0.478127
0.112857
1.04078
0.304612
3.54645
0.105841
0.085053
0.027305
0.140956
0.07159
0.022287
0.057219
0.119984
0.069528
0.008676
0.057996
0.000453
0.000527
0.004906
0.299728
0.445546
0.141807
0.071925
4.10946
4.13292
0.000899
0.000661
0.000135
0.56101
0.017395
0.013054
0.742353
0.019083
0.000542
0.5127
0.082549
0.002582
0.033743
0.01241
0.129505
0.000169
0.000298
0.009428
0.484601
0.234198
0.221053
0.201825
0.050379
0.103818
0.039239
0.000174
0.005193
0.002433
0.007688
0.000453
0.17905
0.057804
0.026021
0.498907
0.002092
0.009597
0.136039
0.037403
0.028218
0.027253
0.001349
0.199625
2.64132
0.672752
0.000562
4.50938
1.93449
1.85301
0.017321
0.005931
0.005156
0.011397
0.284924
0.280105
0.282108
0.275271
0.047121
0.078845
0.063512
0.343352
0.001424
0.003403
0.005578
0.184503
0.043153
0.000547
0.003339
0.016325
0.049145
0.233003
0.000335
0.001573
0.035453
0.2497
0.008832
0.00717
0.001037
0.00048
0.000477
0.037887
0.038123
0.281347
0.274633
0.016128
0.01613
0.403635
0.371812
0.070524
0.003967
0.295778
0.402154
0.001512
0.045144
0.000165
0.162768
0.189424
0.044688
0.204202
0.077438
0.425071
0.004313
0.099897
0.000699
0.040455
0.000431
0.373646
0.13752
0.009772
0.003165
0.000165
0.000142
0.01191
0.196813
4.68061
0.524189
2.55666
0.169844
0.004535
0.000398
0.188574
1.0182
0.015516
2.08173
0.416066
0.020763
0.069056
0.000165
0.120923
0.099433
0.09904
1.12715
0.552865
0.116254
0.116268
0.019549
0.019587
0.099969
0.001749
0.048426
0.076437
0.004666
0.000434
0.006548
0.99961
0.071637
0.515414
0.000541
0.440825
0.098386
0.464201
0.147874
0.010868
0.015475
0.01193
0.16665
0.24918
0.162207
0.017956
0.018822
0.073362
0.031904
0.125615
0.003137
0.00046
0.000563
0.014981
2.30273
0.106159
0.012338
0.013416
0.004093
1.23735
0.077669
1.1266
0.040626
0.253273
0.038
0.076119
0.153513
0.312402
0.435964
0.000406
0.229408
0.535506
0.23483
0.491298
0.828224
0.26427
1.04574
0.076629
0.475876
0.088452
0.000442
0.000442
0.000442
0.000442
0.000442
0.000442
0.000442
