1.88345
16.5954
60
3.60295
5.60027
60
8.31783
60
1.18605
4.53731
60
7.2492
0.393785
1.20288
8.18342
1.08906
0.018648
1.28393
0.351401
0.05744
0.614281
60
5.83588
23.1714
0.205665
46.5708
9.53804
0.278549
8.59062
8.37827
0.843325
0.396266
0.357955
60
0.139804
49.5773
60
2.67071
0.17482
4.28031
1.2757
0.039742
0.202935
2.46444
1.91271
60
10.8378
42.6174
19.878
3.99852
11.4443
60
27.8779
7.11046
0.385595
14.4627
5.88521
60
5.45859
0.036923
0.071069
7.24792
2.28029
57.3654
4.73564
0.010106
0.004807
0.004514
0.004464
10.1454
0.039643
0.059327
0.44204
60
5.67886
1.61725
6.29101
0.251807
13.1424
18.6356
27.6497
0.928184
60
1.69367
36.1868
1.61991
0.351798
0.807411
