\begin{filecontents}{q3-ring.dat}
0.416956
0.024572
0.049512
1.84536
1.03238
1.25704
4.98988
1.81847
0.025857
1.81933
0.01789
0.036744
2.05886
0.065918
0.011077
4.19734
2.61735
2.63744
0.694458
2.87565
2.41973
0.065341
0.232159
0.26018
0.295958
0.77909
3.63895
0.464108
0.418686
0.008539
0.983544
0.051739
0.169291
0.002614
0.034173
0.196109
2.17843
0.005948
0.295821
0.085285
0.529596
0.924538
0.084952
1.56904
0.044759
1.5205
1.99909
0.202266
0.390853
0.02608
0.349578
0.128864
0.062684
2.20796
0.018705
0.331892
0.353725
0.17869
0.105
0.172261
0.294795
0.026325
0.584598
0.414873
1.30777
0.481352
0.121372
0.373136
0.093927
0.069284
0.84678
3.82862
1.32516
0.000486
0.065408
0.334827
0.039601
0.356252
0.001993
0.247775
0.096499
0.105947
0.051407
0.003563
0.060037
0.127843
0.057503
0.073834
0.275297
0.274814
3.21063
0.835931
0.015654
0.005193
0.199625
0.403635
0.371812
0.070524
0.003967
2.55666
1.12715
0.116268
0.018822
0.003137
0.014981
0.012338
0.491298
\end{filecontents}