\begin{filecontents}{q24-ring-bfs.dat}
0
0.087288
0.068398
14.579973
0.035971
10.729481
0.821026
3.19415
9.551078
1.232484
0.003358
2.595471
17.469741
0.215912
16.954593
5.701284
14.056136
0.358169
25.034059
28.850995
69.179345
182.842141
0.003946
0.026057
11.366765
0.001135
1.895288
1.234357
0.039076
0.045582
8.509069
0.010427
9.865031
0.469029
42.979999
0.247056
0.25946
0.154524
0.126268
6.87622
4.758457
24.43625
9.499309
7.786497
0.203793
6.765144
24.427727
0.007724
0.009618
6.897776
4.746417
7.082102
1.759362
14.97019
9.599413
\end{filecontents}