\begin{filecontents}{q22-ring-bfs.dat}
0.260877
0.009785
0.005946
0.002089
1.56713
0.568221
0.15071
0.077589
0.001087
0.209384
0.27151
0.055482
0.316227
0.000277
0.010094
0.532857
3.3635
0.023546
0.071978
0.000297
0.000301
0.00031
0.000307
0.000478
0.000356
0.0004
0.000295
0.588746
0.004635
1.26354
0.447037
2.38508
0.018439
0.139802
0.99464
0.129552
0.001879
27.263
0.004219
0.002889
0.001501
0.8232
9.30686
0.00192
0.184438
0.006581
0.100907
5.17337
0.403631
4.1e-05
3.29972
0.918875
0.874065
0.004796
0.002365
0.00225
0.002257
1.80353
0.253555
1.9e-05
0.02984
0.000602
0.027581
0.001186
0.540724
0.168828
0.554711
0.550057
0.167611
0.030527
0.000801
0.029921
0.003727
0.004679
0.080199
0.028354
0.00709
0.150612
0.000775
0.000886
0.605262
0.807548
0.535402
0.186243
0.154244
0.032387
0.59678
0.122905
0.188705
1.88233
0.002934
0.247751
0.004606
0.000991
0.000629
0.000622
0.000668
0.151149
0.450635
0.045375
0.014801
0.039069
0.014296
0.000888
0.00032
0.01772
0.020425
0.000345
0.000322
0.038619
0.014719
0.000314
0.000332
0.001175
0.000293
0.046332
0.014983
0.129319
0.576658
0.25969
0.000698
0.292483
0.02715
0.016073
0.705474
1.48483
0.907891
0.334689
1.22018
0.000544
0.048054
0.037236
0.255721
0.006565
0.293492
0.008823
0.091232
0.099684
0.001346
2.30252
0.603454
0.546945
0.009546
0.023643
0.000978
2.68719
0.003966
0.008306
0.000391
0.000596
0.002153
0.160059
\end{filecontents}