\begin{filecontents}{q4-ring-bfs.dat}
0.00024
0.000247
0.000269
0.000404
0.000551
0.002092
0.000969
0.000723
0.001263
0.068742
0.001531
0.000678
0.000619
0.000423
0.000436
0.000319
0.000259
0.000328
0.000463
0.000315
0.000325
0.000344
0.000412
0.000319
0.000251
0.000293
0.000261
0.000514
0.000383
0.000316
0.000284
0.000254
0.000372
0.000351
0.000312
0.000366
0.000266
0.00026
0.000332
0.000294
0.000268
0.000431
0.000336
0.000298
0.000287
0.000333
0.000273
0.000307
0.000244
0.000284
0.00034
0.0004
0.000351
0.000347
0.000285
0.000268
0.000308
0.000377
0.535372
0.000857
0.000461
0.000593
0.000595
0.000488
0.000558
0.000843
0.000842
0.000144
0.000881
0.000486
0.000626
0.000563
0.000304
0.000195
0.000544
0.000688
0.00055
0.542329
0.071647
0.00092
0.000823
0.000299
0.537945
0.000466
0.000493
0.000789
0.000476
0.000125
0.001069
0.000513
0.066907
0.061997
0.000295
0.066964
0.000856
0.000549
0.000711
0.000667
\end{filecontents}