\begin{filecontents}{q1-ring-bfs.dat}
0.145512
0.688335
0.028735
0.014323
0.089918
0.086175
0.039362
0.109205
0.011677
1.66236
0.223853
0.975119
0.009058
1.02466
0.186546
0.350069
0.217733
0.513744
0.67647
0.074643
0.27768
0.035794
0.005632
0.824178
0.00541
1.56587
0.037976
2.15478
0.051897
0.018011
0.030839
0.045512
1.90091
0.558471
0.143515
0.252597
0.988469
0.107365
0.101972
0.076379
0.033469
0.062278
0.158086
0.058953
0.984216
0.080972
0.82588
0.032818
0.256172
0.496725
0.000661
0.004077
0.735061
0.041515
0.111284
0.068771
0.482395
0.214824
0.043598
0.008857
0.295905
0.612428
0.294538
0.002621
0.109957
0.000474
0.042769
0.35515
0.370158
0.871971
0.006902
0.305564
1.085
0.029841
0.435902
1.48368
0.061195
0.709773
0.011376
1.13628
0.501763
0.037516
0.006026
0.03205
0.000388
3.24959
0.035281
0.001453
0.098848
0.045127
0.451049
0.002725
0.090342
0.919211
1.59852
0.350384
0.023457
0.040275
0.408282
0.042079
1.15075
0.642487
0.117566
0.002722
0.005041
0.216148
0.090088
2.2601
0.899228
0.191992
0.001114
0.037434
0.083926
0.02251
0.122255
0.028394
0.005029
0.03828
0.079698
0.02568
0.029266
0.12511
1.3208
0.001878
0.720588
1.03295
0.103022
1.169
0.515201
1.19209
0.10507
0.000465
0.000322
0.26709
0.08015
0.011027
0.039465
0.202611
0.104248
0.001533
0.063553
0.982805
0.056158
1.06328
0.46431
1.19821
1.30172
0.455405
0.195731
0.113766
0.037702
0.001469
1.17178
1.17425
1.26625
0.90084
0.442985
0.011618
1.23648
0.679866
0.226421
0.032173
0.081651
0.000698
0.001946
1.22565
0.027499
0.009089
0.190905
0.177066
0.228359
0.290084
0.533455
0.022666
0.026046
0.011799
0.065032
0.009012
0.029498
0.23542
0.003993
0.295662
0.012815
0.187183
1.23606
0.000715
1.50679
1.41965
0.357031
0.344692
4.66289
0.336117
0.066674
0.044741
0.019671
0.088238
0.059618
0.010005
0.01756
0.007566
0.446687
0.254356
0.081212
0.970136
0.488621
0.002221
1.71168
0.612897
0.110453
0.012411
0.206169
1.21295
0.208849
0.017562
0.005459
0.102485
0.494923
0.023389
0.665626
1.76526
0.005595
0.002454
0.055827
0.076431
0.192896
0.069864
0.203719
0.000687
0.269755
1.19808
0.013216
0.205551
0.004311
0.269263
0.173045
0.457123
0.447079
0.228123
0.566257
0.371654
0.222502
0.553929
0.029078
0.01509
0.018978
0.00103
0.000658
0.000521
0.000969
0.000315
0.057503
0.002106
0.017003
0.058195
2.47741
3.2737
0.030155
0.005261
0.004657
0.505184
0.001541
0.005749
0.186797
0.418237
0.018723
0.019089
0.02594
0.482095
0.081844
0.011976
0.383933
0.375425
0.112542
0.000514
0.000546
0.280664
0.074306
0.036725
0.152055
0.050615
0.065031
0.101952
0.008634
0.758506
0.014838
0.000514
0.021482
0.005856
0.782463
0.366873
0.000557
0.00106
0.008911
0.003227
0.071612
0.031465
0.000435
0.064839
0.009592
0.00374
0.051835
0.004232
0.48313
0.632529
0.009264
0.148657
0.014084
0.01131
0.043453
0.028291
0.135008
0.049177
0.241844
0.008424
0.001052
0.062476
0.684987
0.003934
0.001825
0.004357
0.001132
0.000308
0.01569
0.35516
1.13118
0.010776
0.010345
0.028277
0.262782
0.002043
0.01187
0.262775
0.003933
0.003553
0.005102
0.000703
0.146129
0.002922
0.046076
0.220002
0.005943
0.000679
0.000506
0.000296
0.032482
0.932926
0.299504
0.288998
0.019595
0.02965
0.039084
0.211971
0.004088
0.091898
0.000259
0.025296
0.40728
0.000225
0.001519
0.066953
0.028962
0.158808
1.09695
0.001574
0.003135
0.047918
0.073728
0.231616
0.084007
0.473577
0.01984
1.59316
0.418758
0.006449
0.007113
0.034607
0.002499
0.005964
0.026639
0.206783
1.14652
0.60759
0.001991
1.05803
0.033067
0.245029
0.105198
0.310826
0.060643
0.002319
0.225397
0.00835
0.026748
0.00082
0.001231
0.227964
0.106614
0.101997
0.053886
0.006628
0.008626
1.74826
0.000714
0.001849
0.040214
0.155228
0.000683
0.002285
0.013764
0.120383
0.013705
0.124421
0.004281
0.000457
0.008155
0.140862
0.204457
0.085335
0.07444
0.079705
0.237089
0.001245
0.023612
0.005124
0.001937
0.063903
0.205268
0.778753
0.053287
0.040537
0.200658
0.007119
0.074146
0.004623
0.00359
0.043431
0.198217
0.037497
0.237496
0.002003
0.082283
1.11343
0.053216
1.16575
0.126196
0.196723
0.655101
0.535301
0.548858
0.210933
\end{filecontents}