60
60
0.180936
9.43576
0.000217
1.00945
60
0.110294
0.089722
3.17449
1.02913
0.007791
0.158462
0.647779
0.02867
0.014121
0.001663
0.013209
0.088294
0.086545
3.00305
0.000261
0.014013
0.032904
0.259762
0.105498
0.251975
60
0.411909
0.01168
60
0.638826
1.70157
0.03558
0.221886
0.026468
0
60
0
0
5.59057
1.00182
60
14.004
0.058127
60
0.020641
0.024684
0.675878
0.119569
0.008897
0.0016
0.944698
4.77848
0.199095
60
60
60
60
60
6.89291
60
60
60
0.379536
0.000203
0.196552
60
0.520629
0.499018
5.8055
0.53009
0.003656
0.000214
0.000118
0.734525
57.2981
0.3097
60
60
0.065616
0.072525
0.032774
0.285906
4.51238
0.341134
60
0.000256
0.018789
0.080113
0.002202
0.003481
0.000266
0.000385
0.01096
44.1569
2.86254
3.04616
0.000583
0.034635
0.000858
60
4.10186
0.005403
60
4.86892
0.869626
0.040219
0.001092
6.98815
0.005563
60
0
0
0
0.58004
0
0.000223
3.844
0
1.80705
0
0.038846
60
2.18281
0.032895
0.05146
0.574414
5.37083
0.017863
0.135235
0.031219
0
3.47056
0.046028
0.151885
0.033542
1.92171
1.37424
0.697854
0.005112
24.0966
0.013779
60
0.41474
0.650295
0.497451
0.140926
0
0.023304
0.00046
0.007204
0.20718
0.003097
0.080445
0
0.000928
0.252109
0.155887
0.062185
0.029775
13.5018
0.925815
0.100583
1.33637
0.000223
0.093571
0.069465
0.030658
2.58625
0.003504
0
0.036919
0
0.076583
60
58.2691
44.8428
0.067589
0.032879
0.061536
0.033539
2.55296
0.159857
0.558008
0.00978
0.553603
0.024808
0.062344
60
26.1523
0.009293
0.909738
23.3805
0.090259
0.853206
0
0.029958
0.032635
0.006694
60
0.254413
0.002143
13.9182
0.475533
0.018091
0.207388
0
0.016748
0.002964
0.069606
0.003712
0.03135
0.743548
0.060871
0.023029
0.001006
0.000383
0.028444
0.000681
0.004038
0.000152
0.000132
0.02362
0.001324
0.667375
0.004822
0.012526
0.040945
0
0
0
0
0.002038
0.009388
0.1104
2.27893
0
0.068283
0
0.443046
0.037425
0.221114
0.533438
0.044262
0.009026
0.30097
0.611141
0.296188
0.090259
0.435826
0.09725
0.002682
1.34454
0.074649
5.41684
0.000202
0.000543
0.000132
0.000128
0.000128
0.115568
0.000542
0.048068
0.004785
0.011342
0.006805
0
0.025175
2.86707
0.44408
0.154915
2.44443
0.002158
4.20517
0.3775
0.873527
8.25103
0.006803
0.310262
1.0944
60
0.029512
46.0645
8.94469
0.51245
1.5876
0.055839
0.715606
1.31547
0.653879
0.010875
0.000813
26.6282
60
0.190725
1.18476
60
0
0.622305
12.2433
60
4.61751
60
60
1.08276
1.4824
0.565554
0.541643
0.039684
5.67688
2.67835
0.000173
0.150367
60
0.002632
0.504388
0
0
60
25.4778
0.00021
0.006218
0.005414
0.079753
3.40325
0.216347
0.032541
0.000414
0.001077
0
0.00014
33.2606
0.205489
3.33922
0.002094
1.29574
60
60
0
60
60
48.4784
0.618854
0.00112
0.001666
1.20791
0.067813
2.22285
0.438438
0.053873
0.001308
0.000751
0.016662
0
0.034701
0.001475
0.231253
0.000968
0.000662
60
0.016355
0.099829
60
0.00412
3.62634
0.055532
0.045265
60
60
60
60
60
60
0
0
0
0.000246
0
0.005636
0.420957
0.002721
0.02856
0.011851
0.00489
0.003337
3.71477
7.54979
0.090525
0.637612
0.929377
2.29579
0.00028
0.088595
0.136626
0.094355
60
0.005286
1.6409
0.003874
7.57464
2.96254
0.039609
0.192659
0.061337
0.005886
0.000213
0.003313
0.001665
0.000196
1.16123
0.319834
0.000568
0.001292
11.4421
0
1.44454
60
17.9827
2.0955
0.194068
0.698435
0.36825
0.023589
11.9913
2.52382
0.189403
60
0.036476
0.041096
24.3214
0.04524
0.000293
0.152062
0.010783
0.123051
0
0.44369
0
0.009686
0.128894
0.043211
0.118547
0.00132
1.18603
30.6001
0.643714
0.137438
0.222178
0.005992
0.116351
0.419561
60
0.000575
0.007587
0.010001
0.111819
0.002918
0.005517
0.241577
0.096615
29.2434
0.051349
0.225486
0.000686
0.007502
0.000834
0.002286
0.000432
0.004341
0.000555
2.27184
0
60
0.897711
0.378573
0.903858
0.192137
0.001108
1.54051
0
0
0
60
3.33126
2.31116
2.30679
0.266147
0.239518
0
0.513536
3.25947
0.650138
7.14687
0.370192
2.71475
0.004167
0.024613
0.006363
0.6078
0.930381
0.07183
0.037648
0.083887
0.023092
5.25369
0.123952
0.119059
0
0.030106
1.86054
0.112595
0.000391
2.93041
0.005009
0.038381
0.569619
28.9019
51.2138
0.070728
4.23794
0.014714
0.007542
2.6285
0.00033
0.000552
0.000398
0.000289
0.000292
0.000294
0.000299
0.025679
0.000488
0.000346
0.000404
0.000287
0.000139
0.029685
0.117031
9.02585
19.6237
1.2333
0.001834
0.668128
1.04389
0.103523
1.17333
0.520068
1.20419
0.108882
0.003179
0.000409
0.000307
0.270997
0.370409
0.593602
0.023968
0
0.081964
2.21692
0.014052
0.023806
0.001146
0.010761
0.066267
0.01019
0.010274
0.01552
0.009825
0.010949
0.007169
0.542029
0.040026
0.20515
0.428088
0.104081
0.00118
0.001541
0.064147
0.994497
0.05546
46.1999
4.89784
1.0737
0.474157
0.00019
5.06287
2.88948
12.2588
1.19903
1.31011
0.031783
0.074593
31.7451
0.000208
0.455798
3.9166
5.04593
0.175249
5.10245
5.23679
5.03211
0.112613
0.040442
2.55626
5.32366
0.001694
0.002698
0.000389
0.000531
4.25359
0.000201
1.17828
1.17245
0.396984
0.999699
1.23079
24.7389
0.916675
0.115156
0.025477
0.29142
0.000237
0.056141
0.010726
0.001618
0.456167
0.01169
1.32065
0
0.72955
0
0.232348
0.549293
0.36567
0.5773
0.779318
0.320701
0.033206
0.036809
0.097976
0.020286
0.006702
3.5776
0.250618
0
0.085009
0.000773
0.016614
0.097266
0.000171
0.001988
17.792
1.19504
5.18807
34.2888
0.027409
0.00114
17.8844
0.06588
0.063963
0.009327
0.492498
0.067586
0.074375
0.052765
0.190076
0.000394
1.83051
0.057693
0.026478
0
0.176505
0.094676
60
0
1.27104
0.002185
60
0.095367
0.000289
0.039049
0.229718
0.689145
60
60
0.007584
4.90019
0.294711
10.4729
19.4278
0.604333
0.001068
0.022623
0.008033
0.030732
41.9366
0.001979
31.9475
0.612938
0.007835
0.040068
0.011958
0.065358
0.0002
0.001742
0.128226
0.009301
60
0.002092
3.80276
0.03286
10.4096
2.88601
1.34701
0.031063
0
0
33.2939
60
0.037963
0.000302
19.1416
60
60
0.01413
60
60
4.62926
0.127696
0.014091
0.002708
0.002815
0.063955
0.00278
0.000316
0.627014
0.018774
0.292515
0.001057
0.004329
0.319355
7.60336
0.003457
0.007128
0.002387
0.029797
0.027949
0
0.002071
0.015064
0.012601
0
0.013164
0.191498
0.067054
0.00458
0.677625
60
60
1.2547
60
60
0.043712
15.344
4.80905
7.82613
0.005266
0.691729
2.94346
0.001118
0.000715
60
5.6e-05
15.7511
0.00246
0.19221
0.058052
60
60
0
5.83879
0.263745
1.52593
20.3869
29.1105
1.3349
0
1.43138
0
0.361705
0.098218
1.16677
0.005905
0
0.3527
4.73892
0.000644
4.77235
0.489741
0.339109
0.065282
0.053081
0.020131
2.33741
60
0.001549
0.441191
0.677603
4.57295
0.017979
0.43547
0.154571
0.037401
0.088315
2.734
0.422278
0.017482
0.368251
0.363221
0.001482
0.167965
1.06962
0.133436
0.000209
0.227107
3.24369
60
0.067653
0.104781
0.010569
0.042633
0.409722
0.010942
0.13357
0.009521
0.176047
5.76859
9.54456
0
0.002371
60
0
0
0.013211
0.006028
0.408455
0.239257
0.084323
0.016117
0.934808
0.45699
2.42566
29.9868
60
0.002058
24.1374
60
24.7357
60
60
0.181599
0.055457
0.330368
0.001833
0.369766
0.013314
0.000787
1.70935
3.5126
0.504138
0.108744
0.031413
0.005236
0.064745
0.012505
27.6188
0.20737
1.23903
0.006491
0.142424
0.183527
0.088646
0.03103
0.507337
1.22454
60
0.192197
28.9804
0.195349
0.006848
43.1749
10.6806
0.142191
0.001835
0.002938
0.000115
1.90504
3.7e-05
0.005321
60
0.102096
0.098857
0.502592
0.023562
0.674602
0.050619
1.77115
0.000806
0.014914
0.000951
0
0.005639
0.000383
0.130628
0.00068
0.004
0.003607
0.042494
0.000686
0.000416
0.011481
0.000437
0.000313
0.000254
0.000322
0.002429
0.00043
0.001105
0.002249
0.000307
0.00031
0.000334
0.000399
0.000315
0.000242
0.000479
0.00056
0.000284
0.000258
0.000499
0.000366
0.00478
0.000312
0.000277
0.00024
0.000359
0.00159
0.00377
0.000351
0.000305
0.000925
0.000354
0.00026
0.000242
0.000339
0.000285
0.007788
0.00028
0.000419
0.000301
0.00029
0.000279
0.000596
0.000334
0.000269
0.000295
0.002187
0.000238
0.000275
0.000751
0.000334
0.055961
0.00042
0.003564
0.000336
0.000345
0.000277
0.000262
0.000294
6.4e-05
0.000374
60
0.017582
0
0.004671
0.002673
0
0.089553
0.001499
0.00071
0.075321
0.001723
0
0.000564
0.000694
0.000352
0.000771
0.000584
0.190564
0.000917
0.00071
0.0181
0.066522
0.068713
1.56106
0.007044
0.175722
0.010447
0.09661
0.000782
0.202354
0.186556
0.087263
0.607711
0.001037
0.209159
0.000695
0.267953
0
1.2142
0.092413
0.012892
0.207216
0.066766
0.025823
0.32312
0.001519
0.827305
0.200986
0.002627
9.04956
0.002
0
0.004273
0.26852
0.184223
0.197821
2.78947
0.018037
0.455889
0.000661
0
0.116763
0.000197
0.458382
0.224823
0.007034
0.570818
0.369075
0.226493
0.547978
0.028716
0.014929
0.019143
0.001034
0.000636
0.000506
0.000924
0.000304
0.105404
0.058343
13.7113
0.012418
0.002132
0.191355
0.533953
0.562596
0.198197
0.01652
0.058431
0.000712
0.000327
5.21979
0.249681
0.001925
0.000182
0.025697
0.00143
10.9569
0.004865
0.00086
0.000452
0.008969
0.000526
60
0.000597
0.010775
0.016653
0.000392
0.013976
0
0.070636
4.59551
0.120779
1.59394
0.001355
0.000762
0.000408
0.000359
0.000324
0.000325
0.000292
0.000345
0.000414
0.000429
0.009685
2.74181
0.593665
18.2573
3.10509
0.000708
0.0004
0.000344
0.000351
0.000385
60
59.5857
0.937877
0.079445
0.028447
0.004942
0.00061
9.52522
0.000505
0.000645
0.41555
0.175585
0.05883
0.004977
8.2561
9.83532
0.506232
0.00022
0
0.001307
0.005197
0
0.188712
10.635
0.001317
0.015757
0.006199
4.2e-05
0.217868
45.2204
0.10327
0.001679
0.000455
2.12256
0.00057
0.000395
0.666675
3.1705
0.433738
12.2713
0.831591
0.852837
0.000583
0.000547
0
0.018128
0.000571
0.016049
0.064913
2.56621
0.004887
0.002276
0.002187
0.002202
0.019479
0
0.066547
0
10.3809
0.10952
0.000422
0.467166
60
1.78024
0.025618
1.35094
0.247634
2.6e-05
0.028547
0.000425
13.0459
6.3221
0.359154
0.000848
0.577578
11.2086
60
0.000956
0.000382
0.028355
2.58546
0
0
0.001176
0.55277
0
0.080047
36.7708
0.069378
0
10.9913
0.169509
0.011968
0.000533
0.391018
0.381016
0
0.000891
0.00053
0.00049
0
0.112597
0.193822
7.22007
0.98294
0.005093
0.018979
0.045114
0.55396
0.54305
0.000544
0.000545
0.029133
0.283885
0.0722
0
2.88488
0.036332
0.152575
11.553
0.042273
0.000562
60
0.169733
0.029806
3.62841
0.000593
0
0.077159
0.000786
0.000318
0.111732
0.009384
59.625
53.66
0.801315
13.495
0.406182
0.014285
0.000477
0.020748
6.48253
0.000549
0.005032
0.000624
2.03251
33.3867
0.000763
0.731161
0.374347
0.00056
0
0.001048
0.008211
0
0.000681
2.15193
0.003335
0.000682
0
0.013463
0.002089
0.073877
0.029717
0.000443
0.000417
0.066866
0.000544
1.25764
0.001037
0.000507
2.53579
0.009634
0.00356
1.19293
0.052153
60
48.0336
0
0.000631
0.003711
60
60
32.2259
0.314034
0.462004
0.008542
39.2875
25.7635
60
60
0
0.195732
0.179043
0.108734
0.346091
0.044
0.002376
0.000807
0.028645
0.000893
0.000329
0.000764
0.013213
1.42362
0.338867
0.042943
0.041438
0.000824
0.012895
0.010426
0.028425
60
9.25328
0.042899
0.028242
0.134524
0.049393
4.49313
2.56182
0.244271
0.008528
0
0.002807
0.000349
0.000657
0.000553
2.82765
60
7.81506
0.036844
0.001048
0.003635
6.38167
0.000886
0.000538
0.000804
0.000445
0.000691
0
0
5.84147
0.256735
60
60
0.012621
0.000989
4.94918
4.66825
4.38943
1.54835
1.32982
0.083872
3.58151
0.000166
0.000116
0.002678
0.943766
0.000808
0
3.14775
0.646759
0.003715
0.001734
0.004186
0.000811
0.000299
3.66484
0.014502
0.307738
1.03987
0.009911
0.00815
0.001826
0.000495
25.278
3.57157
0.028649
0.266478
60
1.85464
0.00118
0.002074
0.012352
0.004833
7.43753
0.009625
0.000852
0.000145
1.82396
0.435395
60
1.77101
0.244804
0.992792
0.000927
0.000496
0.225155
0.601258
0.49539
0.57888
0.081432
0
0.029679
0.00771
0.132493
0.002776
0.000729
3.36564
0.003638
0.004143
0.00031
0.018216
0.001305
0.303926
0.097197
0.074619
0.000704
0.004046
0.004934
0.00069
0.014827
0.589401
0.144239
60
11.8238
0.051632
0.000967
3.50282
0.65931
0.88749
0.578525
0.676127
0.193108
0.161401
0.034828
3.52356
5.15134
1.10253
0.002905
0.045499
0.605223
0.123306
0.189258
0.000926
0.220371
0.15344
0.000861
0.001859
0.00254
0.005984
0.000179
0.000664
0.000489
0.000293
11.1798
11.6414
0.033878
0
0
2.1235
0.000617
0
0.941796
0.000493
0.018467
3.9304
0.080402
0.032492
0.000896
0.303789
0.000585
0.0003
0.00887
3.08398
0.000208
0.291334
0.020322
45.1066
0.011529
0.00073
0.028656
0.038484
0.000768
21.5857
0
1.82357
0.214262
0.004046
0.08781
2.08858
0.001042
0.000373
0.000345
0.007573
0.000271
60
60
60
0.001995
1.65755
0.001046
0.040946
0.000211
0.185985
0.025314
0.018196
0.419409
0.15992
0.02735
0.000547
0.000233
0.009581
0.761756
0.002905
0.200073
0.008011
0.229168
0.006113
0.402431
0.029979
0.000559
0.00121
0.001442
1.02229
0.243195
0.004714
60
0.001043
0.000618
0.000607
0.000675
60
60
0.000221
60
0.000784
0.176055
0.062243
0.000695
0.000525
0.000399
0.005639
0.138229
0.02599
60
0.532854
0.021654
0.161575
0.071409
0.003777
0
0
60
1.06986
0.032836
0.000801
7.22113
0.001624
0.003119
0
0.007035
0
0.047886
60
60
32.4084
0.173244
0.121086
0
0.072778
4.68575
0.231068
