\begin{filecontents}{q2-ring-bfs.dat}
0.000197
1.01006
0.116937
0.091302
0.007697
0.001652
0.013283
0.013867
0.283142
0.416016
0.632443
0.035093
0.026968
0.054706
0.127949
0.001613
0.003633
0.000218
0.000117
0.291094
0.065365
0.032665
0.020446
0.087808
0.002024
0.003387
0.011096
0.000834
0.04041
0.001096
0.573288
0.000196
0.033814
0.603829
0.130477
0.145115
1.36768
0.691691
0.005204
0.3823
0.656443
0.023977
0.000465
0.007033
0.207509
0.003088
0.080701
0.000586
0.153935
0.061816
0.030121
1.39864
0.00363
0.083158
0.032583
0.033303
0.024262
0.008355
0.002064
0.018389
0.22358
0.003003
0.072242
0.00374
0.033587
0.060619
0.022817
0.000976
0.000391
0.02885
0.011713
0.0095
0.037293
0.537437
0.424008
0.095506
0.004438
0.02068
0.134085
0.663668
0.00085
0.252215
2.57304
0.00016
0.002999
0.485795
0.000185
0.00455
0.213567
0.001995
0.001095
0.001674
1.22183
0.070341
0.483588
0.0551
0.017219
0.004191
0.029375
0.011653
0.004661
0.003188
0.085775
0.134949
0.005699
0.003873
0.000196
1.13933
0.000546
0.001268
0.176013
0.013086
0.12278
0.001295
0.225668
0.006061
0.000575
0.006881
0.009163
0.105233
0.049384
0.226307
0.000671
0.007413
0.000799
0.002271
0.000431
0.004101
0.000527
0.378307
0.908308
3.30549
2.29959
0.005901
0.580084
0.000396
0.015979
0.000329
0.002867
2.18276
0.013928
0.023815
0.00987
0.009583
0.015012
0.009366
0.010367
0.006332
0.00281
0.000384
0.000526
0.396131
0.051255
0.001634
0.549041
0.358262
0.576164
0.773703
0.31548
0.031998
0.096183
0.020028
0.252144
0.016363
0.095919
0.000156
0.00109
0.06482
0.054702
0.057788
0.026221
0.095128
0.000276
0.690852
0.007083
0.004699
0.00225
0.64944
0.007598
0.000181
0.001838
0.031868
0.039065
0.000287
0.014745
0.129456
0.01799
0.001038
0.057286
0.008015
0.002496
0.028274
0.002205
0.01591
0.012929
0.015861
0.038686
0.005334
0.002492
0.196291
0.260595
1.16824
0.005687
0.000603
0.438742
0.045256
0.400397
0.01055
0.016353
0.177992
0.013473
0.000802
0.143088
0.001848
0.003018
0.000116
0.053089
0.015278
0.004089
0.003635
0.011788
0.002287
0.004833
0.001642
0.003796
0.000951
0.007867
0.002228
0.003661
0.020281
0.066361
1.58143
0.007077
0.176226
0.010578
0.099682
0.184031
0.087289
0.605604
0.001027
0.2089
0.092885
0.002637
0.016727
0.114604
0.012747
0.193959
0.567727
0.026241
0.004289
0.008481
0.016297
0.10467
0.163558
0.057444
0.000213
0.014709
0.006127
0.000435
0.651207
0.058975
0.00092
0.000744
0.000286
0.393121
0.000673
0.013351
0.001904
0.000536
1.24242
0.001029
0.176122
0.08719
0.002433
0.027052
0.000875
0.000342
0.000781
0.012469
1.3356
0.351388
0.045684
0.044636
0.002785
0.000356
0.00067
0.00056
0.037859
0.000516
0.000465
0.000726
0.000673
0.000147
0.000118
0.002589
0.001882
0.001128
0.010117
0.594692
0.482234
0.578437
0.018096
0.301182
0.096719
0.078757
0.004529
0.019105
0.080927
0.031494
0.008874
0.011613
0.000759
0.000346
0.000337
0.007016
0.157347
0.00916
0.761634
0.000206
0.021623
0.003788
0.034105
0.006989
0.175198
0.040561
0.013281
0.036025
0.013813
0.042199
0.001703
0.099694
0.700088
0.080618
0.017761
0.006053
0.004801
0.001658
0.000879
0.017189
0.086193
0.0002
0.000117
0.000272
0.002764
0.000649
0.000177
0.007248
0.000151
0.000258
0.000759
0.015736
0.507096
0.128101
0.465407
0.316143
0.000321
0.000809
0.91641
0.012045
0.034716
0.009899
0.12343
0.089628
0.045202
2.7662
2.86209
0.000532
0.000123
0.00033
0.286863
0.055826
0.00016
0.000228
0.00022
0.001376
0.003612
0.03814
0.012759
0.232934
0.001189
0.003838
0.067094
0.017961
0.064366
0.061857
0.017059
0.0228
0.079505
0.00132
0.004773
0.012608
0.011313
0.064565
0.006637
0.000798
0.012115
0.000153
0.000138
0.005999
0.175286
0.006448
0.000168
0.04841
0.01485
0.041861
0.001744
0.019559
0.529154
0.249137
0.004469
0.008146
0.081891
0.032169
0.036924
0.004355
0.030776
0.512491
0.022343
0.144416
0.035259
0.048912
\end{filecontents}