\begin{filecontents}{q3-ring-bfs.dat}
0.251975
0.020641
0.024684
0.675878
0.499018
0.53009
3.04616
2.58625
0.558008
0.00978
0.553603
0.006694
0.016748
0.743548
0.02362
0.004822
2.86707
1.31547
1.18476
0.622305
1.29574
0.618854
0.036476
0.123051
0.118547
0.137438
0.419561
2.30679
0.266147
0.239518
0.004167
0.569619
0.023968
0.066267
0.00118
0.010726
0.094676
1.27104
0.002185
0.128226
0.029797
0
7.82613
0.441191
0.677603
0.037401
0.422278
0.017482
0.368251
0.363221
0.104781
0.13357
0.009521
0.176047
0.055457
0.031413
1.23903
0.006491
0.142424
0.183527
0.088646
0.03103
0.102096
0.130628
0.0181
0.32312
0.198197
0.593665
0.217868
0.066547
0.193822
0.045114
0.029133
0.435395
1.77101
0.589401
0.000493
0.040946
0.185985
0.018196
0.176055
0.000801
0.121086
\end{filecontents}