60
60
60
1.02913
60
60
0
60
0
0
60
14.004
60
4.77848
60
60
60
60
60
6.89291
60
60
60
60
5.8055
60
60
60
44.1569
60
60
60
0
0
3.844
0
60
5.37083
24.0966
60
13.5018
0
0
60
58.2691
44.8428
60
26.1523
23.3805
60
0
0
0
0
2.44443
60
46.0645
26.6282
60
60
60
4.61751
60
60
5.67688
60
0
60
0
33.2606
60
60
0
60
60
60
60
60
60
60
60
60
60
0
0
0.637612
60
0
1.44454
60
17.9827
2.0955
11.9913
60
24.3214
0.152062
30.6001
60
60
0
60
0
0.650138
7.14687
0.370192
28.9019
51.2138
4.23794
0.007542
0.428088
0.115156
0.025477
0.29142
0
60
60
60
60
19.4278
41.9366
31.9475
60
10.4096
2.88601
33.2939
60
60
60
60
60
7.60336
60
60
60
60
60
5.6e-05
0.058052
60
60
5.83879
20.3869
29.1105
0
0
60
4.57295
0.154571
2.734
60
5.76859
9.54456
60
29.9868
60
24.1374
60
24.7357
60
60
0.330368
0.369766
60
0.192197
28.9804
43.1749
10.6806
60
60
0
0.089553
0
10.9569
60
0
18.2573
60
59.5857
0.937877
0.079445
0
45.2204
2.12256
0.666675
12.2713
0
0.018128
0.064913
0
0
10.3809
60
1.35094
6.3221
60
0
36.7708
0
7.22007
0.98294
11.553
60
3.62841
59.625
53.66
13.495
6.48253
2.03251
33.3867
0
2.15193
60
48.0336
60
60
32.2259
25.7635
60
60
60
9.25328
4.49313
0
60
0
0
5.84147
0.256735
60
60
3.58151
0
3.14775
60
0.992792
0
0.014827
60
11.8238
0.051632
11.1798
11.6414
2.1235
0
45.1066
0.00073
21.5857
60
60
60
1.65755
60
60
60
60
60
0
60
7.22113
0
0
60
60
32.4084
0
