0.145512
0.000197
1.01006
0.116937
0.091302
0.007697
0.161022
0.688335
0.028735
0.014323
0.001652
0.013283
0.089918
0.086175
0.00024
0.013867
0.039362
0.283142
0.109205
0.275556
0.416016
0.011677
0.632443
1.66236
0.035093
0.223853
0.026968
0.975119
0.054706
0.026092
0.027577
0.717789
0.127949
0.009058
0.001613
1.02466
0.186546
0.350069
0.217733
0.513744
0.502739
0.519307
0.003633
0.000218
0.000117
0.67647
0.291094
0.065365
0.074643
0.032665
0.27768
0.260877
0.000247
0.020446
0.087808
0.002024
0.003387
0.000269
0.000404
0.011096
0.000551
0.035794
0.000834
0.005632
0.824178
0.04041
0.001096
0.00541
0.573288
0.000196
1.56587
0.037976
2.15478
0.033814
0.051897
0.603829
0.018011
0.130477
0.030839
0.045512
0.145115
0.036727
1.90091
1.36768
0.691691
0.005204
0.007554
0.3823
0.656443
0.558471
0.143515
0.023977
0.000465
0.007033
0.207509
0.003088
0.080701
0.000586
0.252597
0.153935
0.061816
0.030121
0.988469
0.107365
1.39864
0.101972
0.076379
0.033469
2.78785
0.00363
0.042785
0.083158
0.067591
0.032583
0.062278
0.033303
0.158086
0.550668
0.009863
0.540872
0.024262
0.058953
0.008355
0.984216
0.080972
0.82588
0.02952
0.032818
0.007167
0.256172
0.002064
0.496725
0.018389
0.22358
0.016579
0.003003
0.072242
0.00374
0.033587
0.801988
0.060619
0.022817
0.000976
0.000391
0.02885
0.000661
0.004077
0.0231
0.735061
0.004888
0.011713
0.041515
0.002092
0.0095
0.111284
0.068771
0.482395
0.037293
0.214824
0.537437
0.043598
0.008857
0.295905
0.612428
0.294538
0.089777
0.424008
0.095506
0.002621
0.074534
0.109957
0.000474
0.042769
0.004438
0.009785
0.005946
0.02068
2.65748
0.35515
0.134085
0.002089
0.370158
0.871971
0.006902
0.305564
1.085
0.029841
0.435902
1.48368
0.061195
0.709773
1.33688
0.663668
0.011376
0.00085
0.252215
1.23439
0.671538
1.13628
1.56713
0.568221
0.501763
0.037516
2.57304
0.00016
0.15071
0.002999
0.485795
0.000185
0.006026
0.00455
0.077589
0.213567
0.03205
0.000388
0.001087
0.209384
3.24959
0.001995
1.16683
0.613225
0.001095
0.001674
1.22183
0.070341
0.483588
0.0551
0.00136
0.000748
0.017219
0.035281
0.001453
0.27151
0.000969
0.000723
0.016646
0.098848
0.004191
0.055482
0.045127
0.005429
0.451049
0.002725
0.029375
0.011653
0.004661
0.003188
0.090342
0.919211
2.28264
0.000258
0.085775
0.134949
0.09361
0.005699
1.59852
0.003873
0.039676
0.190894
0.060825
0.005801
0.000214
0.003226
0.001608
0.000196
1.13933
0.316227
0.000546
0.001268
0.176013
0.55611
0.350384
0.023457
0.237135
0.035959
0.040275
0.054453
0.000277
0.013086
0.131111
0.408282
0.010094
0.12278
0.042079
0.117214
0.001295
1.15075
0.642487
0.141534
0.225668
0.006061
0.117566
0.424548
0.000575
0.006881
0.009163
0.105233
0.002722
0.005041
0.216148
0.090088
0.049384
0.226307
0.000671
0.007413
0.000799
0.002271
0.000431
0.004101
0.000527
2.2601
0.899228
0.378307
0.908308
0.191992
0.001114
3.30549
2.29959
2.31839
0.271911
0.241652
0.532857
3.3635
0.003916
0.023546
0.005901
0.580084
0.071978
0.037434
0.083926
0.02251
0.122255
0.118334
0.028394
0.111109
0.000396
0.005029
0.03828
0.578495
0.079698
0.015979
0.000329
0.000535
0.00041
0.000297
0.000301
0.00031
0.000307
0.02568
0.000478
0.000356
0.0004
0.000295
0.029266
0.12511
1.3208
0.001878
0.720588
1.03295
0.103022
1.169
0.515201
1.19209
0.10507
0.002867
0.000465
0.000322
0.26709
0.362617
0.588746
0.022568
0.08015
2.18276
0.013928
0.023815
0.001263
0.011027
0.062136
0.00987
0.009583
0.015012
0.009366
0.010367
0.006332
0.516877
0.039465
0.202611
0.104248
0.001168
0.001533
0.063553
0.982805
0.056158
1.06328
0.46431
1.19821
1.30172
0.031662
0.074376
0.455405
0.195731
0.113766
0.037702
0.001469
0.00281
0.000384
0.000526
1.17178
1.17425
0.396131
1.26625
0.90084
0.051255
0.009494
0.001634
0.442985
0.011618
1.23648
0.679866
0.226421
0.549041
0.358262
0.576164
0.773703
0.31548
0.032173
0.031998
0.096183
0.020028
0.006292
0.252144
0.081651
0.000698
0.016363
0.095919
0.000156
0.001946
1.22565
0.027499
0.00109
0.068742
0.06482
0.009089
0.485061
0.068214
0.075136
0.054702
0.190905
0.000386
0.057788
0.026221
0.177066
0.095906
1.3389
0.002232
0.095128
0.000276
0.038203
0.228359
0.690852
0.007083
0.290084
0.533455
0.000974
0.022666
0.004699
0.026046
0.00225
0.64944
0.007598
0.03874
0.011799
0.065032
0.000181
0.001838
0.132322
0.009012
0.002266
0.031868
0.029498
0.039065
0.000287
0.014745
0.129456
0.013918
0.002751
0.002464
0.06307
0.002756
0.000324
0.599849
0.01799
0.23542
0.001038
0.003993
0.295662
0.057286
0.008015
0.002496
0.03001
0.028274
0.002205
0.01591
0.012929
0.012815
0.187183
0.015861
0.004635
0.69409
1.23606
0.038686
0.005334
0.691191
0.001123
0.000715
0.002492
0.196291
0.260595
1.50679
1.26354
1.41965
0.357031
0.100848
1.16824
0.005687
0.344692
4.66289
0.000603
0.447037
0.336117
0.066674
0.044741
0.019671
2.38508
0.001531
0.45136
0.687124
0.018439
0.438742
0.037406
0.088238
0.415725
0.01557
0.364389
0.321063
0.001199
0.139802
0.99464
0.129552
0.227019
0.059618
0.105254
0.010005
0.045256
0.400397
0.01055
0.134867
0.009497
0.173608
0.002152
0.01756
0.007566
0.446687
0.254356
0.081212
0.016353
0.970136
0.488621
0.002221
0.177992
0.055371
0.001879
0.013473
0.000802
1.71168
0.612897
0.110453
0.032746
0.005406
0.066331
0.012411
27.263
0.206169
1.2243
0.006482
0.144456
0.184093
0.087768
0.030808
0.503274
1.21295
0.208849
0.017562
0.143088
0.001848
0.003018
0.000116
0.005459
0.102801
0.102485
0.494923
0.023389
0.665626
0.053089
1.76526
0.000798
0.015278
0.000957
0.005595
0.000389
0.138258
0.000678
0.004089
0.003635
0.042064
0.000619
0.000423
0.011788
0.000436
0.000319
0.000259
0.000328
0.002454
0.000463
0.001137
0.002287
0.000315
0.000325
0.000344
0.000412
0.000319
0.000251
0.000494
0.000562
0.000293
0.000261
0.000514
0.000383
0.004833
0.000316
0.000284
0.000254
0.000372
0.001642
0.003796
0.000351
0.000312
0.000951
0.000366
0.000266
0.00026
0.000332
0.000294
0.007867
0.000268
0.000431
0.000336
0.000298
0.000287
0.000624
0.000333
0.000273
0.000307
0.002228
0.000244
0.000284
0.00077
0.00034
0.055827
0.0004
0.003661
0.000351
0.000347
0.000285
0.000268
0.000308
0.000377
0.020281
0.004219
0.002889
0.001491
0.000727
0.076431
0.001737
0.000583
0.000715
0.000363
0.000801
0.000588
0.192896
0.000913
0.000734
0.018515
0.066361
0.069864
1.58143
0.007077
0.176226
0.010578
0.099682
0.000765
0.203719
0.184031
0.087289
0.605604
0.001027
0.2089
0.000687
0.269755
1.19808
0.092885
0.013216
0.205551
0.071904
0.025948
0.320117
0.001501
0.8232
0.201032
0.002637
9.30686
0.00192
0.004311
0.269263
0.173045
0.184438
0.016727
0.457123
0.000625
0.114604
0.447079
0.228123
0.006581
0.566257
0.371654
0.222502
0.553929
0.029078
0.01509
0.018978
0.00103
0.000658
0.000521
0.000969
0.000315
0.100907
0.057503
0.012747
0.002106
0.193959
0.535372
0.567727
0.190724
0.017003
0.058195
0.000718
0.000337
5.17337
0.249122
0.001921
0.026241
0.001483
0.004289
0.000857
0.000461
0.008481
0.000533
0.000593
0.012654
0.020877
0.000434
0.016297
0.114374
0.10467
1.42421
0.00148
0.000808
0.000434
0.000386
0.000379
0.000332
0.000307
0.000326
0.000429
0.000444
0.010517
2.47741
0.527104
3.2737
0.000815
0.000405
0.000377
0.00038
0.000429
0.030155
0.005261
0.000601
0.00039
0.000554
0.403631
0.163558
0.057444
0.004657
0.505184
0.000213
0.001541
0.005749
0.186797
0.000982
0.014709
0.006127
4.1e-05
0.214385
0.101434
0.001649
0.000467
0.000551
0.000435
3.29972
0.418237
0.918875
0.874065
0.000545
0.000555
0.000513
0.018723
0.004796
0.002365
0.00225
0.002257
0.019089
0.066605
0.102099
0.000398
0.428279
1.80353
0.02594
0.253555
1.9e-05
0.02984
0.000602
0.482095
0.000835
0.651207
0.00087
0.000377
0.027581
0.001186
0.540724
0.081844
0.058975
0.168828
0.011976
0.000609
0.383933
0.375425
0.00092
0.000544
0.000484
0.112542
0.199864
0.004832
0.018046
0.044783
0.554711
0.550057
0.000514
0.000546
0.027213
0.280664
0.074306
0.036725
0.152055
0.050615
0.000565
0.167611
0.030527
0.000561
0.065031
0.000744
0.000286
0.101952
0.008634
0.758506
0.393121
0.014838
0.000514
0.021482
0.000595
0.005856
0.000685
0.000879
0.782463
0.366873
0.000557
0.00106
0.008911
0.000821
0.003227
0.000673
0.013351
0.001904
0.071612
0.031465
0.000435
0.000446
0.064839
0.000536
1.24242
0.001029
0.000488
0.009592
0.00374
0.051835
0.000801
0.004232
0.48313
0.632529
0.009264
0.176122
0.148657
0.08719
0.250335
0.044604
0.002433
0.000812
0.027052
0.000875
0.000342
0.000781
0.012469
1.3356
0.351388
0.045684
0.044636
0.000831
0.014084
0.01131
0.029921
0.043453
0.028291
0.135008
0.049177
0.241844
0.008424
0.002785
0.000356
0.00067
0.00056
2.80179
0.037859
0.001052
0.003727
0.000862
0.000558
0.000516
0.000465
0.000726
0.005967
0.000673
1.45638
1.2356
0.062476
0.000147
0.000118
0.002589
0.775816
0.000843
0.684987
0.003934
0.001825
0.004357
0.001132
0.000308
0.01569
0.35516
1.13118
0.010776
0.010345
0.001882
0.000509
0.028277
0.262782
0.001128
0.002043
0.01187
0.004679
0.010117
0.000842
0.000144
1.85149
0.434003
2.11232
0.262775
0.000881
0.000486
0.227776
0.594692
0.482234
0.578437
0.080199
0.028354
0.00709
0.150612
0.002816
0.000775
0.003933
0.003553
0.000324
0.018096
0.001309
0.301182
0.096719
0.078757
0.000757
0.004529
0.005102
0.000703
0.587081
0.146129
0.000886
0.605262
0.807548
0.535402
0.599324
0.186243
0.154244
0.032387
1.11067
0.002922
0.046076
0.59678
0.122905
0.188705
0.000902
0.220002
0.156086
0.000839
0.001893
0.002594
0.005943
0.000679
0.000506
0.000296
0.032482
0.000626
0.932926
0.000477
0.019105
0.080927
0.031494
0.000844
0.299504
0.000563
0.000304
0.008874
0.000196
0.288998
0.019595
0.011613
0.02965
0.039084
0.000759
1.88233
0.211971
0.004088
0.091898
2.08065
0.00101
0.000346
0.000337
0.007016
0.000259
0.001364
0.001025
0.040947
0.000195
0.185408
0.025296
0.018012
0.40728
0.157347
0.027651
0.000506
0.000225
0.00916
0.761634
0.002934
0.20711
0.008163
0.226478
0.006125
0.389513
0.030054
0.000544
0.001519
0.001492
1.03103
0.247751
0.004606
0.000991
0.000629
0.000622
0.000668
0.000206
0.000774
0.17438
0.066953
0.000688
0.00055
0.000413
0.151149
0.028962
0.542329
0.021623
0.158808
0.071647
0.003788
1.09695
0.034105
0.000852
0.001574
0.003135
0.006989
0.047918
0.175198
0.123869
0.073728
0.231616
0.450635
0.040561
0.013281
0.084007
0.050336
0.045375
0.014801
0.039069
0.014296
0.036025
0.013813
0.042199
0.000888
0.00032
0.040313
0.013989
0.01772
0.020425
0.000345
0.000322
0.038619
0.014719
0.000314
0.000332
0.001175
0.000293
0.001703
0.000996
0.014907
0.164907
0.099694
0.700088
0.473577
0.000921
0.080618
0.00092
0.046332
0.014983
0.017761
0.006053
0.004801
0.001658
0.000879
0.01984
0.054459
0.129319
0.576658
0.017189
1.59316
1.01552
0.002098
0.086193
0.418758
0.25969
0.050499
0.0002
0.000117
0.000698
0.000272
0.006499
0.000158
0.292483
0.02715
0.016073
0.074062
0.705474
1.48483
0.006449
0.907891
0.025594
0.000823
0.002764
0.0007
0.000299
0.007113
0.000649
0.537945
0.000177
0.034607
0.002499
0.005964
0.007248
0.026639
0.000151
0.000258
0.206783
0.000759
1.14652
0.034347
0.60759
0.000771
0.000466
0.000493
0.334689
1.22018
0.000427
0.000544
0.015736
0.507096
0.128101
0.465407
0.001991
0.067457
0.061974
1.05803
1.68634
0.033067
0.064811
0.245029
0.105198
0.000874
0.355343
0.316143
0.000789
0.000476
0.000125
0.310826
0.001069
0.000513
0.006658
0.000321
0.000809
0.006109
0.91641
0.31502
0.097346
0.294675
1.11744
0.143524
0.144022
0.103965
0.591923
0.08966
0.168326
0.116123
0.158856
0.293312
0.092655
0.074035
0.175154
0.690779
0.094032
0.082522
0.420277
0.146048
0.106651
0.092484
0.113671
0.197399
0.045832
0.43211
0.147073
1.34492
0.048054
0.037236
0.012045
0.060643
0.034716
0.009899
0.024642
0.034799
0.027819
0.002653
0.022779
0.000719
0.000625
0.002319
0.12343
0.225397
0.089628
0.045202
2.7662
2.86209
0.001228
0.000532
0.000123
0.255721
0.00835
0.006565
0.293492
0.008823
0.00033
0.286863
0.026748
0.00082
0.023761
0.010195
0.055826
0.00016
0.000228
0.001231
0.227964
0.106614
0.101997
0.091232
0.030686
0.053886
0.018022
0.00022
0.00666
0.001376
0.003612
0.000755
0.099684
0.03814
0.012759
0.232934
0.001189
0.003838
0.067094
0.017961
0.006628
0.008626
0.001346
0.184642
1.74826
0.52669
0.000796
2.30252
0.603454
0.546945
0.01286
0.004039
0.000714
0.001849
0.066907
0.064366
0.061997
0.061857
0.017059
0.040214
0.0228
0.155228
0.000683
0.001056
0.002285
0.079505
0.013764
0.000951
0.00132
0.009546
0.023643
0.120383
0.000295
0.000978
0.013705
0.124421
0.004281
0.004773
0.000457
0.000592
0.000396
0.012608
0.011313
0.066964
0.064565
0.006637
0.008155
0.237416
0.202179
0.034213
0.001969
0.140862
0.204457
0.000798
0.012115
0.000153
0.085335
0.07444
0.011189
0.079705
0.041736
0.237089
0.001245
0.023612
0.000856
0.005124
0.000441
0.244293
0.047531
0.024936
0.001937
0.000351
0.000138
0.005999
0.175286
2.68719
0.338116
1.03962
0.063903
0.003966
0.000549
0.205268
0.778753
0.006448
1.00607
0.126042
0.011238
0.032197
0.000168
0.053287
0.04841
0.040537
0.552492
0.200658
0.01485
0.012759
0.007119
0.008306
0.041861
0.001744
0.074146
0.019559
0.004623
0.000711
0.00359
0.529154
0.043431
0.249137
0.000525
0.198217
0.037497
0.237496
0.071663
0.004469
0.008146
0.002003
0.081891
0.082283
0.071944
0.00858
0.005268
0.032169
0.022173
0.036924
0.001183
0.000391
0.000596
0.005252
1.11343
0.053216
0.005909
0.004355
0.002153
1.16575
0.030776
0.512491
0.022343
0.126196
0.177737
0.093171
0.073104
0.34752
0.196723
0.000312
0.111353
0.655101
0.144416
0.202571
0.535301
0.160059
0.548858
0.035259
0.210933
0.048912
0.000667
