1;15974437;61762940000
2;86225485;74976084000
3;6237;180936000
4;4553876;9435763000
5;1;217000
6;356747;1009446000
7;866405;60000276000
8;2614;110294000
9;4165;89722000
10;1788949;3174490000
11;149793;1029129000
12;188;7791000
13;34641;158462000
14;272860;647779000
15;297;28670000
16;160;14121000
17;17;1663000
18;469;13209000
19;26278;88294000
20;8456;86545000
21;1464949;3003050000
22;1;261000
23;661;14013000
24;12939;32904000
25;35303;259762000
26;37445;105498000
27;35302;251975000
28;725125;60000238000
29;18620;411909000
30;177;11680000
31;32566273;60037388000
32;130444;638826000
33;742103;1701566000
34;2538;35580000
35;40453;221886000
36;1738;26468000
37;0;0
38;17429413;60018182000
39;0;0
40;0;0
41;6966273;5590566000
42;590522;1001817000
43;238389;60017041000
44;10053065;14004024000
45;4174;58127000
46;47337823;60028998000
47;1405;20641000
48;1627;24684000
49;440579;675878000
50;11387;119569000
51;240;8897000
52;31;1600000
53;795680;944698000
54;1409679;4778478000
55;50949;199095000
56;16308223;61785902000
57;1507773;60889489000
58;15830860;62823713000
59;1521215;60014640000
60;4882180;60000236000
61;2024347;6892906000
62;822515;60014721000
63;10352599;60035041000
64;39006388;60365219000
65;190233;379536000
66;0;203000
67;8408;196552000
68;1436256;60011178000
69;187322;520629000
70;156659;499018000
71;206934;5805502000
72;163270;530090000
73;129;3656000
74;4;214000
75;1;118000
76;247463;734525000
77;47471413;57298066000
78;144269;309700000
79;127084;61006222000
80;48896288;61622567000
81;7184;65616000
82;9987;72525000
83;3630;32774000
84;51210;285906000
85;4691841;4512380000
86;38254;341134000
87;420430;60000258000
88;3;256000
89;413;18789000
90;4701;80113000
91;40;2202000
92;76;3481000
93;4;266000
94;6;385000
95;245;10960000
96;2872394;44156864000
97;1116125;2862540000
98;1464948;3046162000
99;3;583000
100;230;34635000
101;13;858000
102;12443582;65152573000
103;4692464;4101857000
104;517;5403000
105;8240449;60000480000
106;1380014;4868923000
107;293233;869626000
108;2818;40219000
109;93;1092000
110;4940574;6988154000
111;319;5563000
112;12342631;60000335000
113;0;0
114;0;0
115;0;0
116;72360;580040000
117;0;0
118;1;223000
119;209809;3844002000
120;0;0
121;437999;1807053000
122;0;0
123;11713;38846000
124;12296806;60000328000
125;455640;2182812000
126;3411;32895000
127;12309;51460000
128;299487;574414000
129;1157810;5370833000
130;2861;17863000
131;57199;135235000
132;2360;31219000
133;0;0
134;4692051;3470562000
135;5035;46028000
136;15813;151885000
137;3361;33542000
138;528324;1921715000
139;488345;1374237000
140;337115;697854000
141;376;5112000
142;8280782;24096639000
143;1750;13779000
144;1214679;60015384000
145;20422;414740000
146;72360;650295000
147;156562;497451000
148;42475;140926000
149;0;0
150;1211;23304000
151;8;460000
152;296;7204000
153;27686;207180000
154;159;3097000
155;20704;80445000
156;0;0
157;5;928000
158;44943;252109000
159;38964;155887000
160;14837;62185000
161;1863;29775000
162;9663545;13501810000
163;359864;925815000
164;18979;100583000
165;412236;1336366000
166;0;223000
167;9433;93571000
168;13724;69465000
169;13489;30658000
170;841202;2586254000
171;409;3504000
172;0;0
173;10600;36919000
174;0;0
175;13047;76583000
176;6008295;60001425000
177;5132374;58269128000
178;2393588;44842845000
179;9563;67589000
180;10600;32879000
181;8010;61536000
182;4304;33539000
183;2076413;2552959000
184;12278;159857000
185;578301;558008000
186;521;9780000
187;578298;553603000
188;1743;24808000
189;12530;62344000
190;67604386;67324505000
191;1708368;26152313000
192;380;9293000
193;838216;909738000
194;6877505;23380468000
195;15440;90259000
196;953843;853206000
197;0;0
198;13984;29958000
199;6114;32635000
200;368;6694000
201;12294619;60001802000
202;116682;254413000
203;60;2143000
204;8652542;13918157000
205;211701;475533000
206;2468;18091000
207;71907;207388000
208;0;0
209;2467;16748000
210;217;2964000
211;8030;69606000
212;268;3712000
213;5146;31350000
214;421927;743548000
215;18241;60871000
216;3459;23029000
217;22;1006000
218;9;383000
219;2177;28444000
220;25;681000
221;510;4038000
222;0;152000
223;0;132000
224;4776;23620000
225;555;1324000
226;264720;667375000
227;330;4822000
228;1159;12526000
229;15269;40945000
230;0;0
231;0;0
232;0;0
233;0;0
234;54;2038000
235;712;9388000
236;195;110400000
237;1724149;2278931000
238;0;0
239;18270;68283000
240;0;0
241;363612;443046000
242;2728;37425000
243;98055;221114000
244;169172;533438000
245;5276;44262000
246;504;9026000
247;81536;300970000
248;331748;611141000
249;63529;296188000
250;41033;90259000
251;772265;435826000
252;29564;97250000
253;57;2682000
254;1287934;1344541000
255;22622;74649000
256;2763149;5416841000
257;0;202000
258;0;543000
259;0;132000
260;0;128000
261;0;128000
262;35942;115568000
263;34;542000
264;3792;48068000
265;677;4785000
266;679;11342000
267;312;6805000
268;0;0
269;7595;25175000
270;641298;2867070000
271;128525;444080000
272;29620;154915000
273;554525;2444433000
274;63;2158000
275;1131709;4205175000
276;87962;377500000
277;111390;873527000
278;3545042;8251028000
279;407;6803000
280;37571;310262000
281;644829;1094401000
282;12002484;60002677000
283;1090;29512000
284;3994704;46064473000
285;19081282;8944691000
286;100624;512450000
287;613238;1587600000
288;5713;55839000
289;909856;715606000
290;412235;1315474000
291;110522;653879000
292;1467;10875000
293;21;813000
294;1878302;26628207000
295;1444493;60000281000
296;35943;190725000
297;356746;1184764000
298;1845252;60000286000
299;0;0
300;88042;622305000
301;7423049;12243314000
302;1369057;60000274000
303;949234;4617512000
304;12285942;60000264000
305;299990;61033572000
306;234587;1082761000
307;412296;1482403000
308;525636;565554000
309;525635;541643000
310;8041;39684000
311;1157810;5676882000
312;841203;2678346000
313;1;173000
314;8967;150367000
315;41022021;60000452000
316;347;2632000
317;569514;504388000
318;0;0
319;0;0
320;12889619;61026688000
321;31012048;25477847000
322;1;210000
323;290;6218000
324;268;5414000
325;8628;79753000
326;1099106;3403248000
327;92611;216347000
328;4164;32541000
329;21;414000
330;82;1077000
331;0;0
332;0;140000
333;613392;33260581000
334;50949;205489000
335;848022;3339215000
336;44;2094000
337;530438;1295738000
338;24603725;67546258000
339;23780178;67330692000
340;0;0
341;68836820;84642308000
342;74487232;84965631000
343;48386212;48478351000
344;850776;618854000
345;27;1120000
346;57;1666000
347;221404;1207915000
348;5729;67813000
349;2475500;2222850000
350;156660;438438000
351;4314;53873000
352;33;1308000
353;44;751000
354;1112;16662000
355;0;0
356;4733;34701000
357;99;1475000
358;28899;231253000
359;26;968000
360;44;662000
361;20073778;60003104000
362;4426;16355000
363;46886;99829000
364;11834657;60016238000
365;211;4120000
366;4693110;3626339000
367;5568;55532000
368;7507;45265000
369;35031148;60044237000
370;27866675;60007012000
371;7210908;60029051000
372;71505247;65027134000
373;34047316;60047048000
374;11962093;60001766000
375;0;0
376;0;0
377;0;0
378;0;246000
379;0;0
380;995;5636000
381;82712;420957000
382;147;2721000
383;2224;28560000
384;1802;11851000
385;497;4890000
386;295;3337000
387;4709184;3714772000
388;6088295;7549788000
389;14425;90525000
390;106609;637612000
391;365678;929377000
392;829360;2295787000
393;2;280000
394;14747;88595000
395;41423;136626000
396;20634;94355000
397;12009199;63623942000
398;47;5286000
399;256677;1640898000
400;254;3874000
401;6124409;7574636000
402;1735828;2962543000
403;5013;39609000
404;45494;192659000
405;5873;61337000
406;995;5886000
407;2;213000
408;179;3313000
409;93;1665000
410;6;196000
411;386533;1161234000
412;65289;319834000
413;13;568000
414;53;1292000
415;20713953;11442058000
416;0;0
417;64062;1444539000
418;12795763;60000225000
419;190926;17982688000
420;90164;2095503000
421;41071;194068000
422;218172;698435000
423;135998;368250000
424;3092;23589000
425;2205096;11991340000
426;4169196;2523816000
427;127305;189403000
428;20056926;60007311000
429;3771;36476000
430;39163;41096000
431;1409684;24321360000
432;7327;45240000
433;9;293000
434;3614;152062000
435;889;10783000
436;38612;123051000
437;0;0
438;95356;443690000
439;0;0
440;905;9686000
441;25442;128894000
442;3082;43211000
443;25441;118547000
444;111;1320000
445;688807;1186035000
446;6877525;30600064000
447;310559;643714000
448;41422;137438000
449;22117;222178000
450;244;5992000
451;16238;116351000
452;53488;419561000
453;2732285;60000638000
454;5;575000
455;239;7587000
456;481;10001000
457;9951;111819000
458;225;2918000
459;621;5517000
460;41386;241577000
461;22588;96615000
462;33687733;29243405000
463;8297;51349000
464;61366;225486000
465;18;686000
466;402;7502000
467;27;834000
468;111;2286000
469;21;432000
470;219;4341000
471;18;555000
472;755934;2271836000
473;0;0
474;3284173;60001775000
475;256585;897711000
476;47016;378573000
477;465560;903858000
478;8964;192137000
479;96;1108000
480;1325127;1540508000
481;0;0
482;0;0
483;0;0
484;11990487;63611954000
485;641299;3331265000
486;538839;2311162000
487;538838;2306789000
488;54135;266147000
489;47898;239518000
490;0;0
491;71468;513536000
492;848022;3259472000
493;106609;650138000
494;200567;7146866000
495;191616;370192000
496;1446982;2714747000
497;139;4167000
498;2189;24613000
499;376;6363000
500;222295;607800000
501;1042900;930381000
502;17213;71830000
503;4685;37648000
504;17477;83887000
505;2326;23092000
506;1657076;5253687000
507;30232;123952000
508;30231;119059000
509;0;0
510;6563;30106000
511;2539057;1860538000
512;69548;112595000
513;4;391000
514;4097299;2930408000
515;1090;5009000
516;10515;38381000
517;66240;569619000
518;4611085;28901912000
519;2284436;51213847000
520;7180;70728000
521;4166203;4237939000
522;938;14714000
523;1425;7542000
524;1031036;2628499000
525;11;330000
526;15;552000
527;16;398000
528;14;289000
529;14;292000
530;11;294000
531;11;299000
532;1383;25679000
533;15;488000
534;16;346000
535;13;404000
536;13;287000
537;0;139000
538;5517;29685000
539;20053;117031000
540;4648263;9025845000
541;28604947;19623700000
542;822846;1233304000
543;86;1834000
544;215018;668128000
545;809015;1043886000
546;5810;103523000
547;819856;1173325000
548;165986;520068000
549;447540;1204187000
550;5850;108882000
551;177;3179000
552;46;409000
553;46;307000
554;466096;270997000
555;99516;370409000
556;233608;593602000
557;1381;23968000
558;0;0
559;8754;81964000
560;829284;2216918000
561;1468;14052000
562;1672;23806000
563;36;1146000
564;45;10761000
565;18240;66267000
566;855;10190000
567;793;10274000
568;1828;15520000
569;749;9825000
570;984;10949000
571;446;7169000
572;290158;542029000
573;2831;40026000
574;79893;205150000
575;5066;428088000
576;14648;104081000
577;30;1180000
578;45;1541000
579;25831;64147000
580;482025;994497000
581;2820;55460000
582;47470679;46199929000
583;4184317;4897839000
584;810813;1073702000
585;138961;474157000
586;0;190000
587;1657076;5062873000
588;1131934;2889478000
589;6648419;12258751000
590;447708;1199033000
591;977469;1310107000
592;20367;31783000
593;15354;74593000
594;39771819;31745125000
595;0;208000
596;136415;455798000
597;1398244;3916597000
598;1657076;5045931000
599;16103;175249000
600;1657076;5102445000
601;6970044;5236787000
602;1657076;5032110000
603;23040;112613000
604;6190;40442000
605;1213129;2556264000
606;1658042;5323659000
607;18;1694000
608;164;2698000
609;13;389000
610;30;531000
611;3366299;4253587000
612;0;201000
613;819856;1178276000
614;819861;1172454000
615;559997;396984000
616;1189994;999699000
617;822851;1230785000
618;31012200;24738853000
619;795680;916675000
620;65882;115156000
621;4357;25477000
622;76925;291420000
623;0;237000
624;27436;56141000
625;888;10726000
626;254;1618000
627;346814;456167000
628;608;11690000
629;822846;1320655000
630;0;0
631;766339;729550000
632;0;0
633;7439;232348000
634;578299;549293000
635;38003;365670000
636;582322;577300000
637;601379;779318000
638;594069;320701000
639;18875;33206000
640;4125;36809000
641;36935;97976000
642;2531;20286000
643;901;6702000
644;4692285;3577601000
645;52095;250618000
646;0;0
647;11759;85009000
648;34;773000
649;1456;16614000
650;18645;97266000
651;1;171000
652;16;1988000
653;27857053;17792046000
654;819869;1195044000
655;6970044;5188073000
656;38202724;34288791000
657;3179;27409000
658;205;1140000
659;27872087;17884437000
660;14410;65880000
661;14314;63963000
662;588;9327000
663;384160;492498000
664;5489;67586000
665;33549;74375000
666;10361;52765000
667;33002;190076000
668;3;394000
669;1287864;1830508000
670;6852;57693000
671;14591;26478000
672;0;0
673;16641;176505000
674;9456;94676000
675;5796762;60000500000
676;0;0
677;221403;1271044000
678;80;2185000
679;20080636;60008954000
680;9457;95367000
681;3;289000
682;18624;39049000
683;56243;229718000
684;440580;689145000
685;49859;60058298000
686;24112015;60013263000
687;383;7584000
688;1960650;4900188000
689;81877;294711000
690;6921738;10472887000
691;4052292;19427779000
692;326322;604333000
693;8;1068000
694;1397;22623000
695;374;8033000
696;2005;30732000
697;10940844;41936622000
698;33;1979000
699;19276866;31947519000
700;301435;612938000
701;255;7835000
702;4591;40068000
703;3472;11958000
704;12745;65358000
705;1;200000
706;62;1742000
707;13787;128226000
708;578;9301000
709;20087978;60003367000
710;291;2092000
711;2329075;3802759000
712;4509;32860000
713;2010519;10409625000
714;521573;2886013000
715;1277756;1347010000
716;2823;31063000
717;0;0
718;0;0
719;44986790;33293872000
720;47037141;62741017000
721;1571;37963000
722;3;302000
723;27957966;19141573000
724;15825978;62729550000
725;45556114;60086013000
726;9947;14130000
727;1743870;60000308000
728;34164877;60018623000
729;4738109;4629256000
730;28485;127696000
731;818;14091000
732;102;2708000
733;518;2815000
734;14406;63955000
735;151;2780000
736;5;316000
737;176030;627014000
738;1628;18774000
739;60165;292515000
740;52;1057000
741;108;4329000
742;52378;319355000
743;588251;7603356000
744;181;3457000
745;606;7128000
746;167;2387000
747;11844;29797000
748;11845;27949000
749;0;0
750;200;2071000
751;1074;15064000
752;2665;12601000
753;0;0
754;2939;13164000
755;164077;191498000
756;1070;67054000
757;184;4580000
758;240007;677625000
759;3060404;60000324000
760;4854640;60000350000
761;346275;1254700000
762;8909025;60000278000
763;11149508;60000373000
764;4224;43712000
765;7494174;15344031000
766;4695148;4809047000
767;1737742;7826128000
768;1074;5266000
769;340110;691729000
770;1736098;2943462000
771;24;1118000
772;12;715000
773;12321652;61021041000
774;0;56000
775;7494174;15751133000
776;94;2460000
777;157616;192210000
778;11087;58052000
779;11957719;63628438000
780;11773939;63566743000
781;0;0
782;554773;5838795000
783;45494;263745000
784;511921;1525931000
785;5163535;20386915000
786;4964508;29110516000
787;894571;1334905000
788;0;0
789;535515;1431382000
790;0;0
791;303191;361705000
792;11887;98218000
793;530439;1166775000
794;447;5905000
795;0;0
796;134802;352700000
797;26851;4738923000
798;58;644000
799;4693439;4772353000
800;263562;489741000
801;263446;339109000
802;2379;65282000
803;1933;53081000
804;926;20131000
805;538128;2337409000
806;18444509;61024626000
807;22;1549000
808;37328;441191000
809;120495;677603000
810;801683;4572948000
811;1175;17979000
812;120496;435470000
813;93766;154571000
814;2727;37401000
815;8660;88315000
816;567612;2733999000
817;559996;422278000
818;1073;17482000
819;557136;368251000
820;594068;363221000
821;53;1482000
822;39981;167965000
823;638855;1069623000
824;38599;133436000
825;0;209000
826;51447;227107000
827;2078653;3243690000
828;43554862;61095857000
829;6884;67653000
830;9788;104781000
831;1173;10569000
832;23792;42633000
833;214069;409722000
834;614;10942000
835;28484;133570000
836;588;9521000
837;17340;176047000
838;898106;5768586000
839;2498087;9544561000
840;0;0
841;53;2371000
842;49299565;62340735000
843;0;0
844;0;0
845;1818;13211000
846;328;6028000
847;374710;408455000
848;56513;239257000
849;1172;84323000
850;2188;16117000
851;424579;934808000
852;247047;456990000
853;4691808;2425662000
854;569369;29986775000
855;7039905;60000792000
856;181;2058000
857;1712805;24137420000
858;8534001;60000370000
859;1712805;24735745000
860;15590479;60000297000
861;14824976;60000278000
862;9856;181599000
863;9855;55457000
864;7833;330368000
865;31;1833000
866;22280;369766000
867;462;13314000
868;39;787000
869;509441;1709353000
870;4691839;3512597000
871;168118;504138000
872;12499;108744000
873;3410;31413000
874;312;5236000
875;17116;64745000
876;2732;12505000
877;1956;27618769000
878;97627;207370000
879;209767;1239028000
880;344;6491000
881;15812;142424000
882;18949;183527000
883;6751;88646000
884;4164;31030000
885;441523;507337000
886;221403;1224537000
887;5257380;60000396000
888;36494;192197000
889;1472;28980437000
890;43440;195349000
891;35;6848000
892;2506698;43174932000
893;1876079;10680561000
894;13788;142191000
895;75;1835000
896;177;2938000
897;1;115000
898;1582581;1905044000
899;0;37000
900;373;5321000
901;47037141;60466188000
902;14971;102096000
903;5315;98857000
904;239574;502592000
905;16826;23562000
906;482081;674602000
907;12597;50619000
908;740977;1771155000
909;4;806000
910;1387;14914000
911;22;951000
912;0;0
913;3119;5639000
914;4;383000
915;57198;130628000
916;5;680000
917;274;4000000
918;206;3607000
919;28083;42494000
920;6;686000
921;4;416000
922;983;11481000
923;6;437000
924;6;313000
925;5;254000
926;4;322000
927;305;2429000
928;7;430000
929;31;1105000
930;116;2249000
931;5;307000
932;4;310000
933;6;334000
934;7;399000
935;6;315000
936;4;242000
937;20;479000
938;25;560000
939;6;284000
940;5;258000
941;7;499000
942;7;366000
943;405;4780000
944;6;312000
945;6;277000
946;4;240000
947;7;359000
948;108;1590000
949;380;3770000
950;7;351000
951;5;305000
952;32;925000
953;7;354000
954;6;260000
955;4;242000
956;7;339000
957;7;285000
958;1041;7788000
959;4;280000
960;8;419000
961;6;301000
962;6;290000
963;6;279000
964;97;596000
965;7;334000
966;6;269000
967;9;295000
968;254;2187000
969;6;238000
970;4;275000
971;31;751000
972;7;334000
973;7984;55961000
974;5;420000
975;196;3564000
976;6;336000
977;6;345000
978;6;277000
979;4;262000
980;5;294000
981;0;64000
982;7;374000
983;8949918;60000198000
984;312;17582000
985;0;0
986;48;4671000
987;46;2673000
988;0;0
989;10498;89553000
990;21;1499000
991;4;710000
992;645;75321000
993;26;1723000
994;0;0
995;22;564000
996;27;694000
997;2;352000
998;21;771000
999;22;584000
1000;23012;190564000
1001;28;917000
1002;31;710000
1003;613;18100000
1004;21495;66522000
1005;5610;68713000
1006;209768;1561056000
1007;345;7044000
1008;17341;175722000
1009;589;10447000
1010;9789;96610000
1011;6;782000
1012;60716;202354000
1013;18950;186556000
1014;6752;87263000
1015;66241;607711000
1016;24;1037000
1017;37329;209159000
1018;54;695000
1019;36301;267953000
1020;0;0
1021;248454;1214200000
1022;18565;92413000
1023;1524;12892000
1024;29757;207216000
1025;9075;66766000
1026;8899;25823000
1027;58443;323120000
1028;75;1519000
1029;312007;827305000
1030;29307;200986000
1031;167;2627000
1032;134002;9049563000
1033;41;2000000
1034;0;0
1035;660;4273000
1036;62227;268520000
1037;39732;184223000
1038;50949;197821000
1039;2076413;2789471000
1040;3068;18037000
1041;171132;455889000
1042;8;661000
1043;0;0
1044;25809;116763000
1045;0;197000
1046;78924;458382000
1047;49036;224823000
1048;256;7034000
1049;446136;570818000
1050;369752;369075000
1051;161919;226493000
1052;543845;547978000
1053;2870;28716000
1054;1439;14929000
1055;5521;19143000
1056;28;1034000
1057;16;636000
1058;11;506000
1059;23;924000
1060;4;304000
1061;18023;105404000
1062;6933;58343000
1063;8644701;13711310000
1064;1615;12418000
1065;65;2132000
1066;18900;191355000
1067;70816;533953000
1068;72360;562596000
1069;20421;198197000
1070;3469;16520000
1071;6616;58431000
1072;8;712000
1073;5;327000
1074;117273;5219794000
1075;41043;249681000
1076;38;1925000
1077;0;182000
1078;2432;25697000
1079;35;1430000
1080;105524;10956861000
1081;86;4865000
1082;9;860000
1083;6;452000
1084;304;8969000
1085;4;526000
1086;541923;60000389000
1087;4;597000
1088;736;10775000
1089;1965;16653000
1090;6;392000
1091;889;13976000
1092;0;0
1093;30739;70636000
1094;4693141;4595509000
1095;38613;120779000
1096;274925;1593937000
1097;25;1355000
1098;9;762000
1099;9;408000
1100;8;359000
1101;8;324000
1102;7;325000
1103;8;292000
1104;10;345000
1105;9;414000
1106;9;429000
1107;421;9685000
1108;213541;2741812000
1109;169171;593665000
1110;20768123;18257335000
1111;115431;3105086000
1112;9;708000
1113;8;400000
1114;8;344000
1115;8;351000
1116;7;385000
1117;46371754;60000495000
1118;9735200;59585741000
1119;36651;937877000
1120;1690;79445000
1121;2139;28447000
1122;858;4942000
1123;4;610000
1124;19776163;9525223000
1125;52;505000
1126;5;645000
1127;577066;415550000
1128;32154;175585000
1129;12783;58830000
1130;192;4977000
1131;1737743;8256101000
1132;19502866;9835323000
1133;44814;506232000
1134;1;220000
1135;0;0
1136;23;1307000
1137;193;5197000
1138;0;0
1139;122190;188712000
1140;20355793;10635025000
1141;6;1317000
1142;2141;15757000
1143;278;6199000
1144;10;42000
1145;57437;217868000
1146;7727642;45220415000
1147;10858;103270000
1148;18;1679000
1149;6;455000
1150;421367;2122558000
1151;4;570000
1152;23;395000
1153;99495;666675000
1154;16480;3170503000
1155;399289;433738000
1156;2484925;12271312000
1157;386534;831591000
1158;5289;852837000
1159;4;583000
1160;10;547000
1161;0;0
1162;6108;18128000
1163;4;571000
1164;649;16049000
1165;14691;64913000
1166;1891308;2566209000
1167;174;4887000
1168;174;2276000
1169;174;2187000
1170;174;2202000
1171;2159;19479000
1172;0;0
1173;9511;66547000
1174;0;0
1175;2521730;10380916000
1176;33857;109520000
1177;9;422000
1178;214091;467166000
1179;763990;60000219000
1180;279875;1780245000
1181;2128;25618000
1182;235386;1350939000
1183;60175;247634000
1184;1;26000
1185;3627;28547000
1186;71;425000
1187;9182877;13045876000
1188;1485701;6322099000
1189;120982;359154000
1190;8;848000
1191;176029;577578000
1192;2521504;11208643000
1193;984856;60008146000
1194;5;956000
1195;4;382000
1196;3220;28355000
1197;1891308;2585461000
1198;0;0
1199;0;0
1200;27;1176000
1201;308678;552770000
1202;0;0
1203;9907;80047000
1204;8217877;36770758000
1205;14952;69378000
1206;0;0
1207;6919813;10991293000
1208;50949;169509000
1209;765;11968000
1210;4;533000
1211;245496;391018000
1212;245219;381016000
1213;0;0
1214;134;891000
1215;5;530000
1216;7;490000
1217;0;0
1218;27333;112597000
1219;45493;193822000
1220;1335396;7220068000
1221;149793;982940000
1222;188;5093000
1223;1786;18979000
1224;3535;45114000
1225;57065;553960000
1226;57066;543050000
1227;3;544000
1228;7;545000
1229;4469;29133000
1230;7;283885000
1231;18727;72200000
1232;0;0
1233;1130260;2884884000
1234;6257;36332000
1235;28305;152575000
1236;2112748;11553029000
1237;6590;42273000
1238;4;562000
1239;68905;60018998000
1240;42073;169733000
1241;682;29806000
1242;210205;3628405000
1243;4;593000
1244;0;0
1245;6094;77159000
1246;23;786000
1247;8;318000
1248;71266;111732000
1249;577;9384000
1250;9735200;59624983000
1251;14902117;53660011000
1252;263445;801315000
1253;605312;13494992000
1254;188098;406182000
1255;13643;14285000
1256;15;477000
1257;1457;20748000
1258;143619;6482531000
1259;4;549000
1260;102;5032000
1261;8;624000
1262;446067;2032513000
1263;6125914;33386729000
1264;19;763000
1265;55823;731161000
1266;96374;374347000
1267;9;560000
1268;0;0
1269;103;1048000
1270;3119;8211000
1271;0;0
1272;9;681000
1273;278569;2151934000
1274;381;3335000
1275;288;682000
1276;0;0
1277;11380;13463000
1278;100;2089000
1279;7741;73877000
1280;3530;29717000
1281;3;443000
1282;6;417000
1283;41583;66866000
1284;179;544000
1285;324130;1257640000
1286;21;1037000
1287;6;507000
1288;4169196;2535786000
1289;1399;9634000
1290;426;3560000
1291;1043041;1192932000
1292;24256;52153000
1293;1670669;63087678000
1294;1539328;48033556000
1295;0;0
1296;64;631000
1297;684;3711000
1298;29291181;60001124000
1299;15969586;62625158000
1300;10089284;32225897000
1301;191742;314034000
1302;63316;462004000
1303;680;8542000
1304;39474961;39287505000
1305;7259361;25763533000
1306;1304122;60000207000
1307;654946;60016302000
1308;0;0
1309;15285;195732000
1310;12544;179043000
1311;7712;108734000
1312;44797;346091000
1313;2395;44000000
1314;190;2376000
1315;10;807000
1316;1869;28645000
1317;25;893000
1318;8;329000
1319;28;764000
1320;746;13213000
1321;667740;1423623000
1322;41310;338867000
1323;3305;42943000
1324;2662;41438000
1325;6;824000
1326;843;12895000
1327;841;10426000
1328;520;28425000
1329;1290769;60006091000
1330;446067;9253280000
1331;7592;42899000
1332;5337;28242000
1333;27950;134524000
1334;11847;49393000
1335;834653;4493127000
1336;1094869;2561823000
1337;60477;244271000
1338;378;8528000
1339;0;0
1340;879;2807000
1341;91;349000
1342;353;657000
1343;233;553000
1344;554226;2827652000
1345;7612841;60000334000
1346;1759441;7815057000
1347;1999;36844000
1348;11;1048000
1349;212;3635000
1350;3389749;6381673000
1351;5;886000
1352;5;538000
1353;81;804000
1354;93;445000
1355;290;691000
1356;0;0
1357;0;0
1358;2530446;5841470000
1359;60028;256735000
1360;1328620;60018134000
1361;1097435;60018534000
1362;637;12621000
1363;46;989000
1364;1131899;4949184000
1365;1119406;4668251000
1366;1043990;4389432000
1367;307933;1548353000
1368;246620;1329823000
1369;6447;83872000
1370;253381;3581509000
1371;1;166000
1372;1;116000
1373;79;2678000
1374;195743;943766000
1375;6;808000
1376;0;0
1377;574358;3147750000
1378;208779;646759000
1379;109;3715000
1380;7;1734000
1381;35;4186000
1382;5;811000
1383;1;299000
1384;2882264;3664837000
1385;614;14502000
1386;121992;307738000
1387;433384;1039865000
1388;1574;9911000
1389;4924;8150000
1390;81;1826000
1391;4;495000
1392;31430851;25278025000
1393;2865683;3571568000
1394;31370;28649000
1395;258332;266478000
1396;1989356;60021349000
1397;2109464;1854637000
1398;12;1180000
1399;2861;2074000
1400;731;12352000
1401;115;4833000
1402;4938341;7437530000
1403;1863;9625000
1404;6;852000
1405;1;145000
1406;438811;1823964000
1407;129650;435395000
1408;151330;60020018000
1409;740977;1771011000
1410;59509;244804000
1411;180281;992792000
1412;6;927000
1413;6;496000
1414;6204;225155000
1415;582496;601258000
1416;570836;495390000
1417;582398;578880000
1418;23053;81432000
1419;0;0
1420;3220;29679000
1421;305;7710000
1422;144264;132493000
1423;134;2776000
1424;71;729000
1425;1893498;3365638000
1426;126;3638000
1427;306;4143000
1428;12;310000
1429;1378;18216000
1430;57;1305000
1431;82092;303926000
1432;18964;97197000
1433;13496;74619000
1434;6;704000
1435;204;4046000
1436;244;4934000
1437;13;690000
1438;5953;14827000
1439;222294;589401000
1440;28281;144239000
1441;22561187;60021856000
1442;9969989;11823760000
1443;15127;51632000
1444;7;967000
1445;1893499;3502823000
1446;203075;659310000
1447;838216;887490000
1448;195703;578525000
1449;247163;676127000
1450;195693;193108000
1451;114299;161401000
1452;3134;34828000
1453;1893289;3523562000
1454;6965921;5151338000
1455;838408;1102534000
1456;592;2905000
1457;925;45499000
1458;207207;605223000
1459;19972;123306000
1460;43307;189258000
1461;10;926000
1462;26215;220371000
1463;33540;153440000
1464;24;861000
1465;1474;1859000
1466;2740;2540000
1467;2162;5984000
1468;0;179000
1469;16;664000
1470;1;489000
1471;1;293000
1472;2525960;11179813000
1473;10140973;11641443000
1474;2279;33878000
1475;0;0
1476;0;0
1477;540118;2123496000
1478;6;617000
1479;0;0
1480;319881;941796000
1481;4;493000
1482;1084;18467000
1483;1380014;3930399000
1484;13795;80402000
1485;10072;32492000
1486;369;896000
1487;85488;303789000
1488;6;585000
1489;4;300000
1490;800;8870000
1491;1474661;3083978000
1492;1;208000
1493;15979;291334000
1494;10425;20322000
1495;7727642;45106563000
1496;792;11529000
1497;0;730000
1498;3635;28656000
1499;2788;38484000
1500;14;768000
1501;5744339;21585706000
1502;0;0
1503;417472;1823566000
1504;39186;214262000
1505;211;4046000
1506;20591;87810000
1507;484414;2088579000
1508;6;1042000
1509;3;373000
1510;4;345000
1511;267;7573000
1512;34;271000
1513;11963968;63589343000
1514;46464417;60000286000
1515;14918468;63274513000
1516;323;1995000
1517;242842;1657547000
1518;6;1046000
1519;2957;40946000
1520;1;211000
1521;22961;185985000
1522;1513;25314000
1523;1750;18196000
1524;559996;419409000
1525;34282;159920000
1526;2369;27350000
1527;4;547000
1528;2;233000
1529;589;9581000
1530;256728;761756000
1531;220;2905000
1532;47834;200073000
1533;369;8011000
1534;68013;229168000
1535;933;6113000
1536;199974;402431000
1537;3254;29979000
1538;6;559000
1539;13;1210000
1540;49;1442000
1541;357296;1022293000
1542;72110;243195000
1543;18;4714000
1544;341070;60018312000
1545;37;1043000
1546;37;618000
1547;37;607000
1548;34;675000
1549;8036560;60025281000
1550;2605628;60094456000
1551;1;221000
1552;0;60126634000
1553;4;784000
1554;34281;176055000
1555;7776;62243000
1556;5;695000
1557;5;525000
1558;5;399000
1559;0;5639000
1560;33451;138229000
1561;12277;25990000
1562;2666244;60003647000
1563;70820;532854000
1564;1669;21654000
1565;37824;161575000
1566;16474;71409000
1567;347;3777000
1568;0;0
1569;0;0
1570;8946210;60000236000
1571;524968;1069858000
1572;2415;32836000
1573;36;801000
1574;1648020;7221132000
1575;23;1624000
1576;65;3119000
1577;0;0
1578;220;7035000
1579;0;0
1580;12465;47886000
1581;17817361;60180879000
1582;17817361;60219313000
1583;3731307;32408366000
1584;22810;173244000
1585;10279;121086000
1586;0;0
1587;11847;72778000
1588;2034862;4685754000
1589;110136;231068000
1590;1659373;2092875000
1591;346760;447132000
1592;19081280;8890383000
1593;38588;42610000
1594;6574437;60000374000
1595;7690587;60001192000
1596;541;12692000
1597;1248464;7352037000
1598;44667;122313000
1599;5530;68261000
1600;5184;49216000
1601;2132;14788000
1602;5408;39083000
1603;2172;13733000
1604;5408;35588000
1605;2172;13627000
1606;5531;40601000
1607;18;1016000
1608;18;314000
1609;5407;39780000
1610;2171;13766000
1611;2365;17513000
1612;2904;20018000
1613;14;349000
1614;13;308000
1615;5183;38037000
1616;2131;14535000
1617;13;311000
1618;8;345000
1619;39;1252000
1620;6;310000
1621;647450;3013603000
1622;4692051;3505809000
1623;62;1572000
1624;61;960000
1625;6889;15007000
1626;37408;167697000
1627;24970;94357000
1628;525037;699556000
1629;10549966;24851470000
1630;346760;458249000
1631;157284;60003594000
1632;8;897000
1633;0;0
1634;8904;72897000
1635;0;0
1636;14909465;60000414000
1637;4;944000
1638;5183;44398000
1639;2131;14751000
1640;512;17413000
1641;117;5867000
1642;92;4539000
1643;29;1626000
1644;12;841000
1645;667;19052000
1646;1570;52525000
1647;10668;124351000
1648;70815;564905000
1649;7097;16830000
1650;738462;1644947000
1651;738462;1112745000
1652;73;2004000
1653;7504;75218000
1654;98041;475303000
1655;26376;265880000
1656;12309;50842000
1657;4704491;23454225000
1658;1;213000
1659;1;118000
1660;1966975;60000234000
1661;2109463;2052343000
1662;1;781000
1663;0;0
1664;0;0
1665;5;266000
1666;666;6194000
1667;1;162000
1668;26743;270082000
1669;2058;25507000
1670;1072;15161000
1671;7503;69253000
1672;123727;661617000
1673;689863;1458730000
1674;322;6359000
1675;97408;906733000
1676;2537;25499000
1677;6;818000
1678;0;0
1679;0;0
1680;0;0
1681;0;0
1682;138;2834000
1683;9;682000
1684;3;298000
1685;1427;7154000
1686;23;600000
1687;70816;534425000
1688;1;171000
1689;0;0
1690;3448;34592000
1691;126;2648000
1692;500;6045000
1693;906;7318000
1694;0;0
1695;0;0
1696;5561;26694000
1697;1;167000
1698;4;260000
1699;8937080;60000231000
1700;0;0
1701;40792765;60001102000
1702;3218104;60060531000
1703;2646554;60009216000
1704;45374;205043000
1705;0;0
1706;16;776000
1707;843865;1139755000
1708;6804;34376000
1709;232409;617121000
1710;4;805000
1711;4;443000
1712;5;453000
1713;210708;348384000
1714;670831;1232806000
1715;1;862000
1716;4;295000
1717;0;0
1718;4;445000
1719;0;0
1720;0;0
1721;6;552000
1722;1257224;5444624000
1723;0;0
1724;1272;15783000
1725;1318804;3942184000
1726;5038162;16303130000
1727;5636506;19185648000
1728;853178;2997150000
1729;20;3487000
1730;19;671000
1731;18;631000
1732;17;495000
1733;735095;60000277000
1734;102428;3738529000
1735;57438;444437000
1736;1;13637000
1737;524;19503000
1738;0;4298000
1739;23013;131040000
1740;37731;237116000
1741;581320;5556520000
1742;160279;460623000
1743;449;1966000
1744;14313;66207000
1745;12126597;60000292000
1746;14313;64854000
1747;3217;1049093000
1748;689909;1709596000
1749;90;33528000
1750;5179;64627000
1751;574358;3300225000
1752;43788;287888000
1753;1105526;38273112000
1754;41163;75000000
1755;5;919000
1756;0;0
1757;9071573;11560527000
1758;142545;414003000
1759;142546;317138000
1760;6;764000
1761;6;467000
1762;1;132000
1763;142545;362512000
1764;35;1109000
1765;7;515000
1766;0;0
1767;373;6990000
1768;16;319000
1769;36;825000
1770;1156;7512000
1771;667969;1014096000
1772;83952849;87126172000
1773;38379;307118000
1774;15412;96850000
1775;18661;284152000
1776;247552;1099422000
1777;23374;145647000
1778;63816;146291000
1779;18773;104531000
1780;336695;602576000
1781;24987;89883000
1782;26747;171924000
1783;21351;117161000
1784;27876;160817000
1785;144306;296800000
1786;31684;95776000
1787;26437;74914000
1788;89345;177853000
1789;525082;696971000
1790;22587;95824000
1791;20772;83370000
1792;322582;419367000
1793;28972;147513000
1794;64003;107959000
1795;27539;93691000
1796;19333;115871000
1797;88805;197378000
1798;15594;45844000
1799;169944;436462000
1800;29136;143338000
1801;84484;911622000
1802;67938;2425314000
1803;0;0
1804;1326755;2194085000
1805;936298;1379820000
1806;6760070;16492988000
1807;2046002;6226070000
1808;1969581;5868004000
1809;3417993;8267628000
1810;4891;49583000
1811;2495;36366000
1812;2487;11891000
1813;12687;60412000
1814;3109;35166000
1815;0;0
1816;894;9490000
1817;1567;24882000
1818;5110;34834000
1819;1961;27651000
1820;141;2565000
1821;1716;22704000
1822;4;729000
1823;6;621000
1824;11054;118528000
1825;50;2272000
1826;37629;124564000
1827;2636636;7117545000
1828;0;0
1829;57129;220433000
1830;140700;5244157000
1831;3926322;14882681000
1832;19069110;6472516000
1833;14568;73873000
1834;5011;39710000
1835;629962;2617998000
1836;632654;2613130000
1837;28;989000
1838;1644835;2758986000
1839;6;497000
1840;1;120000
1841;0;243648000
1842;375;8222000
1843;275;6260000
1844;144958;295128000
1845;417;8494000
1846;287428;6062731000
1847;4;365000
1848;47792;288412000
1849;7498;26987000
1850;17;868000
1851;16272;22978000
1852;1322;9658000
1853;15409;53845000
1854;1;173000
1855;2;212000
1856;346;1268000
1857;21688061;60001579000
1858;4998440;6596930000
1859;154141;229882000
1860;23121;107184000
1861;0;0
1862;0;0
1863;21547;102390000
1864;18274;90558000
1865;14044;30699000
1866;4710;45087000
1867;4097311;2940943000
1868;967;13528000
1869;392710;8741671000
1870;2671738;60004718000
1871;1;230000
1872;121;6797000
1873;57;1357000
1874;178;3573000
1875;4;753000
1876;3885;319111000
1877;1872;107827000
1878;1510;38486000
1879;543;13004000
1880;109337;257755000
1881;0;0
1882;0;0
1883;1335396;7444417000
1884;0;0
1885;0;0
1886;22;1478000
1887;0;0
1888;199;4149000
1889;4605;62477000
1890;1285;16820000
1891;1034;6523000
1892;951;8077000
1893;1300688;60017838000
1894;9;1436000
1895;20054;163212000
1896;412235;1700335000
1897;93164;514004000
1898;4;823000
1899;712044;2311508000
1900;585311;599542000
1901;578360;551538000
1902;0;0
1903;3679;13753000
1904;861;4076000
1905;175;750000
1906;793;1847000
1907;14410;65607000
1908;14314;63322000
1909;14410;60579000
1910;14314;61169000
1911;1193;16165000
1912;1265;40626000
1913;1771;27101000
1914;32600;171345000
1915;30;750000
1916;96;1687000
1917;130;1470000
1918;96;983000
1919;317;2554000
1920;13171;79406000
1921;2684;14187000
1922;923927;60000202000
1923;0;0
1924;5;901000
1925;95336;655495000
1926;48;1175000
1927;756;8709000
1928;1497;23086000
1929;3065614;11222113000
1930;2889812;13506044000
1931;0;0
1932;38612;123279000
1933;2;350000
1934;24;1013000
1935;3022;12780000
1936;22113;106889000
1937;918;4003000
1938;234;4704000
1939;8;450000
1940;6;557000
1941;6;390000
1942;1014;12580000
1943;0;0
1944;20739130;11514915000
1945;2383;12111000
1946;14410;65693000
1947;14314;63508000
1948;420;7576000
1949;1323002;15165470000
1950;0;0
1951;1220;9551000
1952;27496;247219000
1953;24908;199467000
1954;2523357;11581760000
1955;3066;33735000
1956;58;1976000
1957;0;175000
1958;41422;146902000
1959;71212;217024000
1960;16;775000
1961;2113;12278000
1962;1;147000
1963;7933;83852000
1964;27681;75895000
1965;2112;10894000
1966;15155;80372000
1967;11639;41200000
1968;517687;23664177000
1969;279511;22362707000
1970;42506;301724000
1971;96;1700000
1972;16299;31557000
1973;0;0
1974;0;0
1975;8;850000
1976;0;0
1977;1265;6088000
1978;3;439000
1979;4578051;10534514000
1980;1325118;7226536000
1981;1603213;60000299000
1982;42475;249167000
1983;36074;47764000
1984;2643;25627000
1985;0;0
1986;73;2023000
1987;34;363000
1988;1;135000
1989;302;6436000
1990;16989;191730000
1991;783145;2710066000
1992;126583;350407000
1993;638451;1038489000
1994;18240;64099000
1995;3659334;19485299000
1996;20;3534000
1997;4;464000
1998;13243281;61041788000
1999;0;0
2000;44533;147562000
2001;198931;674661000
2002;2336231;10231119000
2003;360;6520000
2004;638855;1082280000
2005;86816;164165000
2006;10235;13609000
2007;2568;31988000
2008;1;168000
2009;6046;57791000
2010;0;0
2011;240855;940953000
2012;5362;46275000
2013;5361;40379000
2014;15792485;63432473000
2015;0;0
2016;212028;709586000
2017;35092;226305000
2018;13144;14813000
2019;13143;12663000
2020;1622;7914000
2021;2475499;2454826000
2022;344;8556000
2023;4153;48539000
2024;0;0
2025;647398;60017595000
2026;11528856;61590149000
2027;20;1539000
2028;0;0
2029;1563;53626000
2030;0;0
2031;15759063;62621716000
2032;1621253;60017798000
2033;8680;17620000
2034;992432;60017696000
2035;70;4721000
2036;5;701000
2037;280;3569000
2038;240234;560465000
2039;0;0
2040;3817;44108000
2041;0;0
2042;35092;198241000
2043;0;0
2044;67586;266056000
2045;3;596000
2046;67585;226267000
2047;6811;40241000
2048;107312;241890000
2049;8934;72739000
2050;0;86000
2051;231;4495000
2052;524;8047000
2053;744;2122000
2054;0;0
2055;19152;85801000
2056;46968;84194000
2057;5749;78705000
2058;536;9048000
2059;379;5355000
2060;6805;35257000
2061;5775;26793000
2062;5032;38611000
2063;36;1191000
2064;6;385000
2065;8;581000
2066;311;5283000
2067;0;0
2068;171940;1157040000
2069;5405;51902000
2070;4551668;8908933000
2071;4184729;19747438000
2072;4196850;19877346000
2073;301;5371000
2074;226;3928000
2075;55;1970000
2076;79771647;60020670000
2077;79135687;60021756000
2078;260512;1144775000
2079;2383;30356000
2080;212029;515154000
2081;102312;450038000
2082;1823;23128000
2083;28841;127921000
2084;0;267000
2085;11908755;63585853000
2086;7348;171924000
2087;6805;87762000
2088;10533;73558000
2089;35878;338622000
2090;2097764;12025730000
2091;35937;197594000
2092;4;344000
2093;70876429;60020026000
2094;16473;99218000
2095;16473;65522000
2096;75728;364537000
2097;19954;123239000
2098;121585;171898000
2099;110430;426404000
2100;19634;151639000
2101;307859;471827000
2102;10779;36041000
2103;42092;209124000
2104;46563777;60010113000
2105;8674998;18532363000
2106;5361;48190000
2107;4;679000
2108;8675425;18294256000
2109;7324050;32369104000
2110;1;344000
