\begin{filecontents}{q5-ring-bfs.dat}
0.001308
0.000751
0.000552
0.000398
0.001068
0.001482
0.000806
0.000951
0.000383
0.001105
0.000479
0.00056
0.000751
0.001499
0.00071
0.001723
0.000564
0.000694
0.000352
0.000771
0.000584
0.000917
0.00071
0.000782
0.000661
0.000712
0.000327
0.00143
0.000526
0.000762
0.000408
0.000359
0.000324
0.000325
0.000292
0.000345
0.000414
0.000429
0.000708
0.0004
0.000344
0.000351
0.000385
0.00061
0.000645
0.001317
0.001679
0.000455
0.00057
0.000583
0.000547
0.000571
0.000848
0.000956
0.000382
0.000533
0.00053
0.00049
0.000562
0.000593
0.000624
0.000763
0.000681
0.000417
0.000807
0.000824
0.000886
0.000495
0.00031
0.001305
0.000704
0.000926
0.001042
0.001046
0.000547
0.000784
0.000399
\end{filecontents}