\begin{filecontents}{q23-ring-bfs.dat}
60
60
60
60
60
60
60
60
60
60
60
0
0
60
0
60
58.2691
44.8428
60
60
60
60
33.2606
60
60
60
60
60
0
0
60
17.9827
2.0955
24.3214
0.152062
30.6001
0
60
7.14687
0.007542
0.428088
60
60
60
60
60
60
60
60
60
5.6e-05
60
60
0
60
29.9868
24.1374
60
24.7357
60
60
0.330368
60
10.6806
10.9569
0
59.5857
45.2204
0
0
60
60
59.625
13.495
6.48253
33.3867
48.0336
60
60
60
60
0
0
60
60
60
60
11.6414
2.1235
45.1066
21.5857
60
60
60
60
60
60
60
0
60
60
32.4084
\end{filecontents}