1;3765229;61321935000
2;36473444;73854245000
3;6237;214739000
4;4553876;19184598000
5;1;195000
6;356747;3088769000
7;1025112;60000227000
8;2614;164778000
9;4165;236559000
10;1788949;7102171000
11;149793;1812746000
12;188;16050000
13;34641;374053000
14;272860;1586345000
15;297;74166000
16;160;35657000
17;17;2074000
18;469;23363000
19;26278;235989000
20;8456;195503000
21;1464949;7744400000
22;1;262000
23;661;27217000
24;12939;139544000
25;35303;552668000
26;37445;317240000
27;35302;544122000
28;863017;60000246000
29;18620;714697000
30;177;18049000
31;12699790;60163415000
32;130444;1377904000
33;742103;4503194000
34;2538;82350000
35;40453;584228000
36;1738;83521000
37;0;0
38;6674947;60556567000
39;0;0
40;0;0
41;6966273;13952477000
42;590522;2511358000
43;144022;64047955000
44;10053065;24141136000
45;4174;1768101000
46;15766090;60125818000
47;1405;32357000
48;1627;60912000
49;440579;1752139000
50;11387;329032000
51;240;15444000
52;31;1807000
53;795680;3216208000
54;1409679;9273625000
55;50949;634725000
56;4892340;62108701000
57;4;63222747000
58;4774796;62091782000
59;4;62643179000
60;1287872;60000214000
61;2024347;10199905000
62;4;64281080000
63;7;62107567000
64;19426384;65278042000
65;190233;1233334000
66;0;214000
67;8408;448595000
68;2;60148641000
69;187322;1268845000
70;156659;1285843000
71;206934;14346121000
72;163270;1558157000
73;129;9604000
74;4;432000
75;1;122000
76;247463;2061755000
77;33160143;60175644000
78;144269;743216000
79;127124;61005495000
80;22602356;60115766000
81;7184;173713000
82;9987;248075000
83;3630;86999000
84;51210;791351000
85;4691841;12226207000
86;38254;809692000
87;39871;60004878000
88;3;406000
89;413;31672000
90;4701;99367000
91;40;3796000
92;76;6133000
93;4;376000
94;6;597000
95;245;21574000
96;1767316;60000196000
97;1116125;6061262000
98;1464948;7721708000
99;3;590000
100;230;75140000
101;13;1348000
102;6586094;62710378000
103;4692464;10194491000
104;517;16524000
105;4019498;60002215000
106;1380014;10080342000
107;293233;2205448000
108;2818;98711000
109;93;4933000
110;4940574;16331292000
111;319;17443000
112;7984353;60013353000
113;0;0
114;0;0
115;0;0
116;72360;1867440000
117;0;0
118;1;202000
119;209809;3658346000
120;0;0
121;437999;3437130000
122;0;0
123;11713;130127000
124;7976019;60009878000
125;455640;4653147000
126;3411;69946000
127;12309;91314000
128;299487;1498294000
129;1157810;7322857000
130;2861;103126000
131;57199;337177000
132;2360;84898000
133;0;0
134;4692051;9798056000
135;5035;122555000
136;15813;464883000
137;3361;108787000
138;528324;4444240000
139;488345;2712610000
140;337115;1840012000
141;376;19546000
142;8280782;41442897000
143;1750;25704000
144;58180;60026400000
145;20422;720165000
146;72360;1980788000
147;156562;793369000
148;42475;513385000
149;0;0
150;1211;48733000
151;8;893000
152;296;17613000
153;27686;435906000
154;159;6310000
155;20704;184583000
156;0;0
157;5;793000
158;44943;545788000
159;38964;433453000
160;14837;184859000
161;1863;73481000
162;9663545;23340473000
163;359864;3955279000
164;18979;266022000
165;412236;3045582000
166;0;217000
167;9433;242893000
168;13724;222777000
169;13489;115722000
170;841202;5882333000
171;409;11733000
172;0;0
173;10600;83444000
174;0;0
175;13047;193625000
176;3405844;60005663000
177;3157462;60007548000
178;1567558;60019288000
179;9563;201109000
180;10600;75523000
181;8010;218615000
182;4304;88467000
183;2076413;6505148000
184;12278;378836000
185;578301;1731929000
186;521;27911000
187;578298;1715203000
188;1743;65930000
189;12530;188944000
190;15770471;60057807000
191;1488540;60000675000
192;380;23173000
193;838216;2275513000
194;6877505;40014329000
195;15440;282595000
196;953843;2183279000
197;0;0
198;13984;66095000
199;6114;130060000
200;368;24420000
201;7960772;60020949000
202;116682;830155000
203;60;3716000
204;8652542;30532131000
205;211701;1279656000
206;2468;40511000
207;71907;523454000
208;0;0
209;2467;36117000
210;217;10034000
211;8030;231294000
212;268;13743000
213;5146;76283000
214;421927;2141902000
215;18241;193861000
216;3459;67445000
217;22;1978000
218;9;730000
219;2177;68254000
220;25;1660000
221;510;15726000
222;0;193000
223;0;147000
224;4776;70250000
225;555;3738000
226;264720;1637363000
227;330;11690000
228;1159;26328000
229;15269;165902000
230;0;0
231;0;0
232;0;0
233;0;0
234;54;4816000
235;712;34393000
236;195;269704000
237;1724149;5819112000
238;0;0
239;18270;236800000
240;0;0
241;363612;1192037000
242;2728;109554000
243;98055;678883000
244;169172;1557230000
245;5276;136491000
246;504;23709000
247;81536;800628000
248;331748;1922717000
249;63529;765720000
250;41033;159021000
251;772265;2397363000
252;29564;312286000
253;57;6298000
254;1287934;3349402000
255;22622;264429000
256;2763149;14885325000
257;0;226000
258;0;1637000
259;0;153000
260;0;151000
261;0;153000
262;35942;257619000
263;34;965000
264;3792;138090000
265;677;28048000
266;679;33275000
267;312;17736000
268;0;0
269;7595;52161000
270;641298;5118239000
271;128525;1099407000
272;29620;400739000
273;554525;6054926000
274;63;6150000
275;1131709;7819059000
276;87962;923235000
277;111390;1842090000
278;3545042;17369495000
279;407;19633000
280;37571;728769000
281;644829;2953689000
282;6878136;60031633000
283;1090;65750000
284;2364239;60006532000
285;19081282;21266707000
286;100624;1066417000
287;613238;3433901000
288;5713;165522000
289;909856;1956211000
290;412235;3029120000
291;110522;1247349000
292;1467;32873000
293;21;1524000
294;1602980;60000270000
295;97124;60000285000
296;35943;264377000
297;356746;3038027000
298;667259;60000329000
299;0;0
300;88042;1029006000
301;7423049;26005761000
302;391232;60000303000
303;949234;8115626000
304;7959552;60004884000
305;400728;61051877000
306;234587;1850686000
307;412296;3227782000
308;525636;1494032000
309;525635;1492098000
310;8041;129948000
311;1157810;7645248000
312;841203;5756701000
313;1;184000
314;8967;333556000
315;19117432;60007026000
316;347;7254000
317;569514;1612843000
318;0;0
319;0;0
320;3339455;61022519000
321;31012048;55567332000
322;1;253000
323;290;16992000
324;268;15386000
325;8628;179060000
326;1099106;7434992000
327;92611;526154000
328;4164;133554000
329;21;1384000
330;82;4379000
331;0;0
332;0;168000
333;522715;61082276000
334;50949;759207000
335;848022;7356391000
336;44;4236000
337;530438;3254792000
338;74066550;100620089000
339;43609585;73918713000
340;0;0
341;74066550;95446329000
342;74066550;89742557000
343;36551549;75652142000
344;850776;2275324000
345;27;2646000
346;57;4749000
347;221404;2644952000
348;5729;199412000
349;2475500;6379766000
350;156660;1194205000
351;4314;127271000
352;33;3321000
353;44;2342000
354;1112;54993000
355;0;0
356;4733;114420000
357;99;4036000
358;28899;767249000
359;26;1959000
360;44;2825000
361;7247088;60023388000
362;4426;55952000
363;46886;250562000
364;6057327;60006287000
365;211;10288000
366;4693110;9679080000
367;5568;161301000
368;7507;122616000
369;347;63440919000
370;9919426;60051216000
371;0;60482552000
372;33620418;75072007000
373;0;60336720000
374;6809786;60026787000
375;0;0
376;0;0
377;0;0
378;0;243000
379;0;0
380;995;15467000
381;82712;1016838000
382;147;7438000
383;2224;60387000
384;1802;26436000
385;497;12069000
386;295;8198000
387;4709184;9947057000
388;6088295;17727194000
389;14425;270641000
390;106609;1074522000
391;365678;2490293000
392;829360;6414836000
393;2;379000
394;14747;225612000
395;41423;342516000
396;20634;275363000
397;7061977;62724349000
398;47;7183000
399;256677;3052650000
400;254;15128000
401;6124409;18202917000
402;1735828;7269288000
403;5013;88452000
404;45494;427922000
405;5873;146160000
406;995;14426000
407;2;325000
408;179;7875000
409;93;3674000
410;6;266000
411;386533;2237947000
412;65289;801398000
413;13;1324000
414;53;3007000
415;20713953;26926247000
416;0;0
417;64062;3656391000
418;4436876;60000537000
419;190926;59230007000
420;90164;6244565000
421;41071;490291000
422;218172;1136832000
423;135998;971501000
424;3092;93496000
425;2205096;19183992000
426;4169196;7580766000
427;127305;427113000
428;7298910;60066408000
429;3771;85955000
430;39163;187880000
431;1323407;60000323000
432;7327;97331000
433;9;678000
434;3614;328021000
435;889;47687000
436;38612;297977000
437;0;0
438;95356;1102018000
439;0;0
440;905;44053000
441;25442;339552000
442;3082;107348000
443;25441;320158000
444;111;7247000
445;688807;2806408000
446;5236599;60475598000
447;310559;1550804000
448;41422;343052000
449;22117;495900000
450;244;14922000
451;16238;343001000
452;53488;902989000
453;1321727;60001094000
454;5;823000
455;239;19940000
456;481;27551000
457;9951;335635000
458;225;16435000
459;621;32438000
460;41386;651262000
461;22588;351404000
462;32187829;60369669000
463;8297;163871000
464;61366;460701000
465;18;1643000
466;402;22387000
467;27;2168000
468;111;7341000
469;21;1402000
470;219;12919000
471;18;1502000
472;755934;4715253000
473;0;0
474;1719223;60042282000
475;256585;2523721000
476;47016;815589000
477;465560;2194564000
478;8964;433868000
479;96;3430000
480;1325127;3827149000
481;0;0
482;0;0
483;0;0
484;7170364;62748699000
485;641299;5839991000
486;538839;4245042000
487;538838;4292251000
488;54135;560979000
489;47898;497745000
490;0;0
491;71468;1159262000
492;848022;7407433000
493;106609;1054004000
494;200567;6030877000
495;191616;1045991000
496;1446982;5935252000
497;139;10271000
498;2189;65065000
499;376;15886000
500;222295;1529112000
501;1042900;2369241000
502;17213;199579000
503;4685;121422000
504;17477;289815000
505;2326;59230000
506;1657076;10975767000
507;30232;432574000
508;30231;432351000
509;0;0
510;6563;84128000
511;2539057;5064197000
512;69548;229412000
513;4;523000
514;4097299;9408156000
515;1090;33080000
516;10515;208166000
517;66240;1474822000
518;4093381;60041896000
519;1355152;60000231000
520;7180;204636000
521;4166203;9049942000
522;938;35303000
523;1425;13483000
524;1031036;5955809000
525;11;707000
526;15;1582000
527;16;918000
528;14;882000
529;14;891000
530;11;901000
531;11;878000
532;1383;77771000
533;15;1395000
534;16;912000
535;13;1129000
536;13;822000
537;0;162000
538;5517;194690000
539;20053;351973000
540;4648263;19442956000
541;28604947;44605902000
542;822846;3834917000
543;86;4357000
544;215018;1682713000
545;809015;3504076000
546;5810;259278000
547;819856;4021623000
548;165986;1419620000
549;447540;2812256000
550;5850;250921000
551;177;10542000
552;46;2492000
553;46;1950000
554;466096;758609000
555;99516;1015116000
556;233608;1610230000
557;1381;60432000
558;0;0
559;8754;238734000
560;829284;6316783000
561;1468;36020000
562;1672;71192000
563;36;3491000
564;45;43051000
565;18240;193871000
566;855;24976000
567;793;24375000
568;1828;39799000
569;749;25093000
570;984;28225000
571;446;17599000
572;290158;938538000
573;2831;120361000
574;79893;784878000
575;5066;1106889000
576;14648;298201000
577;30;2792000
578;45;3499000
579;25831;156705000
580;482025;3006545000
581;2820;134978000
582;33283541;60175468000
583;4184317;13085107000
584;810813;3462606000
585;138961;1102899000
586;0;201000
587;1657076;11288020000
588;1131934;6995129000
589;6648419;27482245000
590;447708;2967930000
591;977469;4340167000
592;20367;59656000
593;15354;264472000
594;36976710;64010137000
595;0;224000
596;136415;1171432000
597;1398244;8881365000
598;1657076;10768708000
599;16103;444226000
600;1657076;10667800000
601;6970044;13243953000
602;1657076;10719007000
603;23040;331399000
604;6190;163216000
605;1213129;6248072000
606;1658042;10977761000
607;18;3514000
608;164;10869000
609;13;908000
610;30;1829000
611;3366299;9819268000
612;0;217000
613;819856;3712295000
614;819861;3670241000
615;559997;1437166000
616;1189994;2767942000
617;822851;3765826000
618;31012200;55292913000
619;795680;3168301000
620;65882;361574000
621;4357;61082000
622;76925;568223000
623;0;241000
624;27436;255680000
625;888;40771000
626;254;12358000
627;346814;1324944000
628;608;31468000
629;822846;3884511000
630;0;0
631;766339;3237602000
632;0;0
633;7439;558897000
634;578299;1950191000
635;38003;949495000
636;582322;1873118000
637;601379;2218261000
638;594069;1767193000
639;18875;82832000
640;4125;85131000
641;36935;241842000
642;2531;54542000
643;901;43915000
644;4692285;9875783000
645;52095;608832000
646;0;0
647;11759;238246000
648;34;921000
649;1456;43366000
650;18645;276154000
651;1;172000
652;16;5395000
653;27857053;40828103000
654;819869;3755513000
655;6970044;13289450000
656;30112704;60462654000
657;3179;92725000
658;205;2180000
659;27872087;41174748000
660;14410;321276000
661;14314;294163000
662;588;29896000
663;384160;1296597000
664;5489;159299000
665;33549;130021000
666;10361;216677000
667;33002;485534000
668;3;499000
669;1287864;4336785000
670;6852;168383000
671;14591;71126000
672;0;0
673;16641;436639000
674;9456;239616000
675;2896264;60018608000
676;0;0
677;221403;2825205000
678;80;6349000
679;7247548;60075536000
680;9457;245116000
681;3;451000
682;18624;64670000
683;56243;561513000
684;440580;1797840000
685;42317;60053376000
686;9583164;61269549000
687;383;23004000
688;1960650;9369901000
689;81877;854896000
690;6921738;23118158000
691;3419391;61831486000
692;326322;2225781000
693;8;1017000
694;1397;64108000
695;374;21494000
696;2005;76052000
697;10940844;54106139000
698;33;4267000
699;19276866;60903878000
700;301435;1755102000
701;255;15844000
702;4591;92469000
703;3472;63898000
704;12745;175687000
705;1;186000
706;62;4720000
707;13787;388773000
708;578;22278000
709;7298910;60103892000
710;291;7171000
711;2329075;8890355000
712;4509;76991000
713;2010519;15288378000
714;521573;5427563000
715;1277756;3396715000
716;2823;101675000
717;0;0
718;0;0
719;36473444;68913617000
720;19352952;65887554000
721;1571;76022000
722;3;316000
723;27957966;43656047000
724;4760606;62092990000
725;30234516;61989194000
726;9947;161553000
727;3;61169608000
728;12934353;60284778000
729;4738109;12766634000
730;28485;427187000
731;818;24553000
732;102;4755000
733;518;4263000
734;14406;140976000
735;151;5106000
736;5;408000
737;176030;1683903000
738;1628;47388000
739;60165;662112000
740;52;2311000
741;108;14293000
742;52378;657096000
743;588251;14355867000
744;181;8831000
745;606;13721000
746;167;6353000
747;11844;85064000
748;11845;82466000
749;0;0
750;200;4254000
751;1074;38662000
752;2665;32097000
753;0;0
754;2939;54889000
755;164077;500972000
756;1070;29562000
757;184;8610000
758;240007;1627105000
759;2005484;60000342000
760;2101425;60000411000
761;346275;2370998000
762;5754648;60007298000
763;7235860;60009697000
764;4224;107331000
765;7494174;32131526000
766;4695148;12325281000
767;1737742;13843621000
768;1074;21272000
769;340110;2527308000
770;1736098;7247899000
771;24;2442000
772;12;1582000
773;4078552;61019133000
774;0;49075460000
775;7494174;32980655000
776;94;5632000
777;157616;649748000
778;11087;195387000
779;7149009;62741312000
780;6945029;62718535000
781;0;0
782;542169;61078361000
783;45494;575511000
784;511921;3170895000
785;5163535;31114206000
786;4171686;61980318000
787;894571;3856306000
788;0;0
789;535515;3362744000
790;0;0
791;303191;1765537000
792;11887;268333000
793;530439;2988561000
794;447;21247000
795;0;0
796;134802;1040670000
797;26851;12651724000
798;58;1952000
799;4693439;12720833000
800;263562;925863000
801;263446;905203000
802;2379;143937000
803;1933;106993000
804;926;50736000
805;538128;4536318000
806;6221205;61023581000
807;22;2671000
808;37328;830506000
809;120495;1149701000
810;801683;8720137000
811;1175;53839000
812;120496;1106503000
813;93766;279035000
814;2727;103639000
815;8660;229434000
816;567612;7616344000
817;559996;1446149000
818;1073;55355000
819;557136;1342990000
820;594068;1801247000
821;53;4318000
822;39981;604955000
823;638855;2899875000
824;38599;418412000
825;0;220000
826;51447;798089000
827;2078653;8001667000
828;19114545;60035776000
829;6884;167234000
830;9788;256839000
831;1173;27260000
832;23792;145788000
833;214069;1193438000
834;614;29513000
835;28484;481820000
836;588;28950000
837;17340;444114000
838;898106;8861261000
839;2498087;14851570000
840;0;0
841;53;4682000
842;17666359;61114992000
843;0;0
844;0;0
845;1818;53097000
846;328;18106000
847;374710;1150204000
848;56513;654980000
849;1172;199430000
850;2188;32623000
851;424579;2262493000
852;247047;1225736000
853;4691808;7468287000
854;535376;60000261000
855;3095799;60080240000
856;181;10398000
857;1522245;60000621000
858;2438502;60002829000
859;1502707;60000376000
860;3396008;60000903000
861;3398034;60007836000
862;9856;288943000
863;9855;156155000
864;7833;751904000
865;31;3186000
866;22280;620167000
867;462;29698000
868;39;2964000
869;509441;3914289000
870;4691839;9426245000
871;168118;1277390000
872;12499;279550000
873;3410;68252000
874;312;17398000
875;17116;136872000
876;2732;35503000
877;1646;60134040000
878;97627;550325000
879;209767;2695215000
880;344;23723000
881;15812;430276000
882;18949;444776000
883;6751;222268000
884;4164;127939000
885;441523;1427776000
886;221403;2589587000
887;2246321;60003247000
888;36494;355881000
889;1467;60025899000
890;43440;519837000
891;35;23230000
892;1651950;60000296000
893;1876079;16451658000
894;13788;428711000
895;75;5318000
896;177;9568000
897;1;144000
898;1582581;5002943000
899;0;51000
900;373;20559000
901;18704162;60929524000
902;14971;241560000
903;5315;241475000
904;239574;1362641000
905;16826;56494000
906;482081;1695599000
907;12597;109799000
908;740977;4412063000
909;4;973000
910;1387;34839000
911;22;2525000
912;0;0
913;3119;43745000
914;4;592000
915;57198;361592000
916;5;677000
917;274;15354000
918;206;11444000
919;28083;153124000
920;6;541000
921;4;412000
922;983;27276000
923;6;689000
924;6;424000
925;5;335000
926;4;359000
927;305;10486000
928;7;684000
929;31;2350000
930;116;5588000
931;5;405000
932;4;357000
933;6;417000
934;7;485000
935;6;341000
936;4;256000
937;20;1378000
938;25;1407000
939;6;450000
940;5;351000
941;7;390000
942;7;555000
943;405;11483000
944;6;505000
945;6;391000
946;4;279000
947;7;345000
948;108;4172000
949;380;9235000
950;7;539000
951;5;392000
952;32;2034000
953;7;462000
954;6;340000
955;4;261000
956;7;306000
957;7;475000
958;1041;20389000
959;4;347000
960;8;439000
961;6;331000
962;6;358000
963;6;354000
964;97;1151000
965;7;312000
966;6;333000
967;9;349000
968;254;5864000
969;6;400000
970;4;310000
971;31;1781000
972;7;321000
973;7984;160853000
974;5;480000
975;196;8804000
976;6;651000
977;6;448000
978;6;426000
979;4;293000
980;5;286000
981;0;62000
982;7;333000
983;2559010;60003298000
984;312;32227000
985;0;0
986;48;5605000
987;46;4718000
988;0;0
989;10498;414046000
990;21;2788000
991;4;539000
992;645;119314000
993;26;2404000
994;0;0
995;22;1000000
996;27;1214000
997;2;541000
998;21;1753000
999;22;1049000
1000;23012;579118000
1001;28;2130000
1002;31;1654000
1003;613;36164000
1004;21495;337171000
1005;5610;108706000
1006;209768;3027498000
1007;345;21485000
1008;17341;452117000
1009;589;30292000
1010;9789;256214000
1011;6;914000
1012;60716;673865000
1013;18950;451345000
1014;6752;218295000
1015;66241;1362166000
1016;24;2092000
1017;37329;715754000
1018;54;2079000
1019;36301;679444000
1020;0;0
1021;248454;3006092000
1022;18565;246501000
1023;1524;33235000
1024;29757;521443000
1025;9075;209674000
1026;8899;46382000
1027;58443;738916000
1028;75;3813000
1029;312007;1843348000
1030;29307;511500000
1031;167;9663000
1032;134002;15905464000
1033;41;3919000
1034;0;0
1035;660;12840000
1036;62227;588291000
1037;39732;388618000
1038;50949;613024000
1039;2076413;6311052000
1040;3068;42629000
1041;171132;1092574000
1042;8;1181000
1043;0;0
1044;25809;312328000
1045;0;207000
1046;78924;1057646000
1047;49036;562069000
1048;256;16888000
1049;446136;1588533000
1050;369752;1027102000
1051;161919;589246000
1052;543845;1480021000
1053;2870;82339000
1054;1439;43364000
1055;5521;51676000
1056;28;2289000
1057;16;1365000
1058;11;3198000
1059;23;2070000
1060;4;555000
1061;18023;316272000
1062;6933;180088000
1063;8644701;30450399000
1064;1615;32429000
1065;65;5722000
1066;18900;440599000
1067;70816;1768169000
1068;72360;1721916000
1069;20421;543257000
1070;3469;115775000
1071;6616;173273000
1072;8;1223000
1073;5;432000
1074;117273;13869429000
1075;41043;524861000
1076;38;4133000
1077;0;187000
1078;2432;58005000
1079;35;3335000
1080;105524;40968132000
1081;86;8633000
1082;9;1045000
1083;6;524000
1084;304;21399000
1085;4;653000
1086;218907;60014701000
1087;4;739000
1088;736;43479000
1089;1965;44874000
1090;6;587000
1091;889;37493000
1092;0;0
1093;30739;172864000
1094;4693141;12404256000
1095;38613;266060000
1096;274925;2382621000
1097;25;2516000
1098;9;1020000
1099;9;551000
1100;8;498000
1101;8;489000
1102;7;594000
1103;8;421000
1104;10;636000
1105;9;547000
1106;9;765000
1107;421;24463000
1108;213541;5301120000
1109;169171;1566885000
1110;20768123;44185140000
1111;115431;8350015000
1112;9;1079000
1113;8;873000
1114;8;4854000
1115;8;659000
1116;7;701000
1117;18168439;60170481000
1118;4882180;60003595000
1119;36651;2382879000
1120;1690;153705000
1121;2139;95407000
1122;858;26673000
1123;4;663000
1124;19776163;21679153000
1125;52;707000
1126;5;915000
1127;577066;1009899000
1128;32154;525894000
1129;12783;150420000
1130;192;11997000
1131;1737743;13963553000
1132;19502866;27009670000
1133;44814;2491520000
1134;1;27116000
1135;0;0
1136;23;3332000
1137;193;14318000
1138;0;0
1139;122190;487630000
1140;20355793;24931694000
1141;6;1116000
1142;2141;36989000
1143;278;18997000
1144;10;122000
1145;57437;630938000
1146;4678038;60001835000
1147;10858;275818000
1148;18;2129000
1149;6;661000
1150;421367;4132678000
1151;4;720000
1152;23;1257000
1153;99495;1445307000
1154;16480;5530341000
1155;399289;1232660000
1156;2484925;22058360000
1157;386534;2646612000
1158;5289;2661169000
1159;4;727000
1160;10;998000
1161;0;0
1162;6108;44797000
1163;4;647000
1164;649;35751000
1165;14691;201957000
1166;1891308;5724267000
1167;174;10728000
1168;174;7135000
1169;174;6472000
1170;174;6094000
1171;2159;66748000
1172;0;0
1173;9511;146389000
1174;0;0
1175;2521730;18123928000
1176;33857;364993000
1177;9;861000
1178;214091;1265637000
1179;277055;60004223000
1180;279875;3108391000
1181;2128;80246000
1182;235386;2700011000
1183;60175;772359000
1184;1;41000
1185;3627;68833000
1186;71;642000
1187;9182877;23141717000
1188;1485701;24125035000
1189;120982;1282529000
1190;8;1033000
1191;176029;1711499000
1192;2521504;20097275000
1193;793212;60107988000
1194;5;5889000
1195;4;440000
1196;3220;65274000
1197;1891308;5737565000
1198;0;0
1199;0;0
1200;27;2230000
1201;308678;1366482000
1202;0;0
1203;9907;220101000
1204;2686394;61600289000
1205;14952;144186000
1206;0;0
1207;6919813;24104122000
1208;50949;666300000
1209;765;34447000
1210;4;736000
1211;245496;1114467000
1212;245219;1010902000
1213;0;0
1214;134;5999000
1215;5;674000
1216;7;938000
1217;0;0
1218;27333;310237000
1219;45493;463761000
1220;1335396;11033380000
1221;149793;1668393000
1222;188;15734000
1223;1786;51147000
1224;3535;129992000
1225;57065;1501927000
1226;57066;1455749000
1227;3;760000
1228;7;923000
1229;4469;83097000
1230;7;1243309000
1231;18727;216489000
1232;0;0
1233;1130260;7125940000
1234;6257;102976000
1235;28305;461276000
1236;2112748;18015476000
1237;6590;125769000
1238;4;641000
1239;0;60283034000
1240;42073;442588000
1241;682;68633000
1242;210205;9054762000
1243;4;586000
1244;0;0
1245;6094;202870000
1246;23;1656000
1247;8;531000
1248;71266;286641000
1249;577;28500000
1250;4883025;60003662000
1251;2110494;61453914000
1252;263445;2215697000
1253;605312;37797956000
1254;188098;984341000
1255;13643;43740000
1256;15;1123000
1257;1457;62547000
1258;143619;16983073000
1259;4;538000
1260;102;13729000
1261;8;992000
1262;446067;3671591000
1263;3554879;60015267000
1264;19;2272000
1265;55823;1821737000
1266;96374;995242000
1267;9;786000
1268;0;0
1269;103;3893000
1270;3119;56314000
1271;0;0
1272;9;1207000
1273;278569;9824749000
1274;381;18271000
1275;288;9311000
1276;0;0
1277;11380;152779000
1278;100;6438000
1279;7741;259077000
1280;3530;78715000
1281;3;581000
1282;6;795000
1283;41583;277695000
1284;179;5096000
1285;324130;2423273000
1286;21;2043000
1287;6;654000
1288;4169196;6948634000
1289;1399;23939000
1290;426;10832000
1291;1043041;3041764000
1292;24256;155988000
1293;1582786;60262183000
1294;1530431;68474839000
1295;0;0
1296;64;2890000
1297;684;8480000
1298;13270176;60032819000
1299;4797183;62098987000
1300;10089284;39279504000
1301;191742;871265000
1302;63316;1100198000
1303;680;29113000
1304;30116157;61029616000
1305;7259361;42267622000
1306;219130;60000245000
1307;3;64477816000
1308;0;0
1309;15285;264472000
1310;12544;237567000
1311;7712;183616000
1312;44797;548666000
1313;2395;114218000
1314;190;8420000
1315;10;1326000
1316;1869;84989000
1317;25;2105000
1318;8;763000
1319;28;1636000
1320;746;37818000
1321;667740;3220063000
1322;41310;779321000
1323;3305;117599000
1324;2662;110307000
1325;6;908000
1326;843;35493000
1327;841;35101000
1328;520;79747000
1329;910555;60039043000
1330;446067;23783663000
1331;7592;180066000
1332;5337;84334000
1333;27950;353018000
1334;11847;143549000
1335;834653;7204935000
1336;1094869;7995827000
1337;60477;701204000
1338;378;23450000
1339;0;0
1340;879;33900000
1341;91;5387000
1342;353;15319000
1343;233;10682000
1344;554226;53982865000
1345;2460267;60003439000
1346;1759441;15110047000
1347;1999;97543000
1348;11;1459000
1349;212;12824000
1350;3389749;14053893000
1351;5;1029000
1352;5;554000
1353;81;4036000
1354;93;3381000
1355;290;13922000
1356;0;0
1357;0;0
1358;2530446;9408979000
1359;60028;415505000
1360;2;60398650000
1361;0;60386124000
1362;637;12066000
1363;46;4018000
1364;1131899;9257835000
1365;1119406;8852288000
1366;1043990;7909359000
1367;307933;2771106000
1368;246620;2353102000
1369;6447;222429000
1370;253381;12820372000
1371;1;176000
1372;1;141000
1373;79;6213000
1374;195743;2286477000
1375;6;952000
1376;0;0
1377;574358;4846959000
1378;208779;1574309000
1379;109;10474000
1380;7;8017000
1381;35;18647000
1382;5;2829000
1383;1;923000
1384;2882264;8720636000
1385;614;41585000
1386;121992;955964000
1387;433384;2665405000
1388;1574;26964000
1389;4924;20797000
1390;81;5422000
1391;4;589000
1392;31430851;57603922000
1393;2865683;8477763000
1394;31370;75745000
1395;258332;1372568000
1396;1547255;60065188000
1397;2109464;4966251000
1398;12;1733000
1399;2861;36488000
1400;731;26019000
1401;115;8745000
1402;4938341;16213639000
1403;1863;25560000
1404;6;915000
1405;1;127000
1406;438811;4019213000
1407;129650;1008687000
1408;0;60252183000
1409;740977;4264952000
1410;59509;705797000
1411;180281;5247301000
1412;6;926000
1413;6;435000
1414;6204;525987000
1415;582496;1869118000
1416;570836;1623661000
1417;582398;1806864000
1418;23053;384493000
1419;0;0
1420;3220;68399000
1421;305;17660000
1422;144264;287283000
1423;134;7963000
1424;71;2387000
1425;1893498;7130330000
1426;126;8924000
1427;306;17208000
1428;12;1365000
1429;1378;61704000
1430;57;4227000
1431;82092;886884000
1432;18964;265593000
1433;13496;272536000
1434;6;1019000
1435;204;12002000
1436;244;14048000
1437;13;1459000
1438;5953;49076000
1439;222294;1527513000
1440;28281;491841000
1441;12907560;60137259000
1442;9969989;18418047000
1443;15127;78651000
1444;7;1464000
1445;1893499;7264403000
1446;203075;1574039000
1447;838216;2163349000
1448;195703;1387562000
1449;247163;1455697000
1450;195693;418513000
1451;114299;395305000
1452;3134;92108000
1453;1893289;7227077000
1454;6965921;13291392000
1455;838408;2844764000
1456;592;7937000
1457;925;134220000
1458;207207;1789675000
1459;19972;371939000
1460;43307;584455000
1461;10;1510000
1462;26215;620386000
1463;33540;279017000
1464;24;1431000
1465;1474;5671000
1466;2740;9526000
1467;2162;53662000
1468;0;186000
1469;16;3413000
1470;1;999000
1471;1;582000
1472;2525960;19107931000
1473;10140973;32983973000
1474;2279;98672000
1475;0;0
1476;0;0
1477;540118;6710745000
1478;6;470000
1479;0;0
1480;319881;2346369000
1481;4;668000
1482;1084;51969000
1483;1380014;8658727000
1484;13795;294424000
1485;10072;93172000
1486;369;3218000
1487;85488;829409000
1488;6;882000
1489;4;483000
1490;800;32318000
1491;1474661;8018529000
1492;1;216000
1493;15979;640158000
1494;10425;96300000
1495;4681435;60009438000
1496;792;37261000
1497;0;23399000
1498;3635;75904000
1499;2788;105914000
1500;14;1259000
1501;5210064;60000538000
1502;0;0
1503;417472;4447133000
1504;39186;620047000
1505;211;11400000
1506;20591;302345000
1507;484414;3487927000
1508;6;1073000
1509;3;427000
1510;4;430000
1511;267;15342000
1512;34;1504000
1513;7149525;62739015000
1514;18315908;60275775000
1515;10416155;61942656000
1516;323;1529287000
1517;242842;2641647000
1518;6;1130000
1519;2957;97733000
1520;1;196000
1521;22961;476910000
1522;1513;69193000
1523;1750;47066000
1524;559996;1556781000
1525;34282;458802000
1526;2369;77551000
1527;4;785000
1528;2;393000
1529;589;24674000
1530;256728;2262306000
1531;220;8256000
1532;47834;644166000
1533;369;22912000
1534;68013;728258000
1535;933;29239000
1536;199974;1178280000
1537;3254;88920000
1538;6;696000
1539;13;2511000
1540;49;3799000
1541;357296;2946427000
1542;72110;609970000
1543;18;13293000
1544;0;60565709000
1545;37;3917000
1546;37;1651000
1547;37;1590000
1548;34;1683000
1549;7;60382542000
1550;55526;60014006000
1551;1;203000
1552;0;62696516000
1553;4;883000
1554;34281;575961000
1555;7776;174953000
1556;5;768000
1557;5;634000
1558;5;681000
1559;0;15475000
1560;33451;429019000
1561;12277;140914000
1562;1394361;60097646000
1563;70820;1726228000
1564;1669;60386000
1565;37824;467302000
1566;16474;275094000
1567;347;12486000
1568;0;0
1569;0;0
1570;2557753;60002270000
1571;524968;2099045000
1572;2415;77564000
1573;36;3089000
1574;1648020;24572232000
1575;23;3356000
1576;65;9091000
1577;0;0
1578;220;17754000
1579;0;0
1580;12465;189172000
1581;7929370;62392094000
1582;7929370;62351114000
1583;3731267;60014250000
1584;22810;388969000
1585;10279;320819000
1586;0;0
1587;11847;197163000
1588;2034862;10082372000
1589;110136;717322000
1590;1659373;5455375000
1591;346760;1320054000
1592;19081280;20393703000
1593;38588;246813000
1594;2329239;60004107000
1595;2251441;60005552000
1596;541;26870000
1597;1248464;10488293000
1598;44667;212715000
1599;5530;134124000
1600;5184;131426000
1601;2132;57793000
1602;5408;123952000
1603;2172;57003000
1604;5408;114997000
1605;2172;56162000
1606;5531;119513000
1607;18;1970000
1608;18;1048000
1609;5407;118131000
1610;2171;56208000
1611;2365;62407000
1612;2904;73140000
1613;14;938000
1614;13;674000
1615;5183;117933000
1616;2131;57332000
1617;13;1098000
1618;8;969000
1619;39;2561000
1620;6;497000
1621;646996;61104740000
1622;4692051;10238178000
1623;62;5097000
1624;61;3265000
1625;6889;35939000
1626;37408;280219000
1627;24970;262894000
1628;525037;1747792000
1629;10121344;60056320000
1630;346760;1344666000
1631;76838;60000476000
1632;8;1098000
1633;0;0
1634;8904;193342000
1635;0;0
1636;3423386;60003116000
1637;4;749000
1638;5183;171581000
1639;2131;59905000
1640;512;36789000
1641;117;11089000
1642;92;8766000
1643;29;2958000
1644;12;1248000
1645;667;46581000
1646;1570;102564000
1647;10668;405031000
1648;70815;1948634000
1649;7097;84107000
1650;738462;3299181000
1651;738462;2900749000
1652;73;3157000
1653;7504;180915000
1654;98041;1071328000
1655;26376;662953000
1656;12309;91376000
1657;4587878;60059028000
1658;1;233000
1659;1;139000
1660;1000715;60000188000
1661;2109463;4656957000
1662;1;1203000
1663;0;0
1664;0;0
1665;5;511000
1666;666;20678000
1667;1;186000
1668;26743;650648000
1669;2058;81802000
1670;1072;46883000
1671;7503;170919000
1672;123727;1488240000
1673;689863;3557400000
1674;322;16983000
1675;97408;1932263000
1676;2537;71978000
1677;6;826000
1678;0;0
1679;0;0
1680;0;0
1681;0;0
1682;138;9485000
1683;9;889000
1684;3;483000
1685;1427;16894000
1686;23;1725000
1687;70816;1735863000
1688;1;195000
1689;0;0
1690;3448;100364000
1691;126;7898000
1692;500;22902000
1693;906;20972000
1694;0;0
1695;0;0
1696;5561;77405000
1697;1;171000
1698;4;419000
1699;2552906;60002439000
1700;0;0
1701;19082369;60082515000
1702;1520885;60010256000
1703;2616675;60054569000
1704;45374;540283000
1705;0;0
1706;16;1367000
1707;843865;3742459000
1708;6804;95490000
1709;232409;1620568000
1710;4;1029000
1711;4;415000
1712;5;711000
1713;210708;1003306000
1714;670831;4027180000
1715;1;812000
1716;4;349000
1717;0;0
1718;4;794000
1719;0;0
1720;0;0
1721;6;820000
1722;1257224;16164869000
1723;0;0
1724;1272;40759000
1725;1318804;6431507000
1726;5038162;31093298000
1727;5636506;32168927000
1728;853178;5213843000
1729;20;20779000
1730;19;5084000
1731;18;4375000
1732;17;4100000
1733;184433;60004170000
1734;102428;8412004000
1735;57438;740378000
1736;1;44773000
1737;524;64041000
1738;0;14524000
1739;23013;393727000
1740;37731;464737000
1741;574760;61524034000
1742;160279;1082631000
1743;449;12049000
1744;14313;314529000
1745;2930532;60001860000
1746;14313;285122000
1747;3217;2159734000
1748;689909;3743163000
1749;90;86524000
1750;5179;149916000
1751;574358;4940256000
1752;43788;604824000
1753;779549;60000314000
1754;41163;402868000
1755;5;1307000
1756;0;0
1757;9071573;34617850000
1758;142545;979819000
1759;142546;937905000
1760;6;898000
1761;6;509000
1762;1;134000
1763;142545;937547000
1764;35;3446000
1765;7;689000
1766;0;0
1767;373;20259000
1768;16;986000
1769;36;2526000
1770;1156;12768000
1771;667969;2728685000
1772;75784845;90554749000
1773;38379;507681000
1774;15412;182059000
1775;18661;561322000
1776;247552;2411393000
1777;23374;343240000
1778;63816;359804000
1779;18773;279855000
1780;336695;1443403000
1781;24987;232376000
1782;26747;421843000
1783;21351;301570000
1784;27876;424803000
1785;144306;760893000
1786;31684;238957000
1787;26437;173608000
1788;89345;411380000
1789;525082;1723265000
1790;22587;267164000
1791;20772;213014000
1792;322582;987816000
1793;28972;415178000
1794;64003;270208000
1795;27539;318493000
1796;19333;354914000
1797;88805;486158000
1798;15594;118982000
1799;169944;1151989000
1800;29136;367340000
1801;84484;1755705000
1802;67938;5302159000
1803;0;0
1804;1326755;4883572000
1805;936298;3098763000
1806;6760070;35097886000
1807;2046002;11899267000
1808;1969581;11241507000
1809;3417993;18007472000
1810;4891;139312000
1811;2495;101828000
1812;2487;32236000
1813;12687;177893000
1814;3109;89975000
1815;0;0
1816;894;25505000
1817;1567;66747000
1818;5110;141078000
1819;1961;82137000
1820;141;9311000
1821;1716;66376000
1822;4;741000
1823;6;750000
1824;11054;241716000
1825;50;5353000
1826;37629;332036000
1827;2636636;12276095000
1828;0;0
1829;57129;625043000
1830;140700;11071303000
1831;3926322;31909058000
1832;19069110;16250017000
1833;14568;208259000
1834;5011;95598000
1835;629962;4913262000
1836;632654;4956906000
1837;28;1503000
1838;1644835;8330520000
1839;6;733000
1840;1;123000
1841;0;683021000
1842;375;21997000
1843;275;16671000
1844;144958;776045000
1845;417;23102000
1846;287428;15709345000
1847;4;578000
1848;47792;623421000
1849;7498;106209000
1850;17;2857000
1851;16272;46213000
1852;1322;21083000
1853;15409;143729000
1854;1;192000
1855;2;304000
1856;346;10585000
1857;7543969;60009654000
1858;4998440;14747592000
1859;154141;615789000
1860;23121;308325000
1861;0;0
1862;0;0
1863;21547;289021000
1864;18274;267049000
1865;14044;56686000
1866;4710;130797000
1867;4097311;9159257000
1868;967;54544000
1869;392710;24658641000
1870;1404341;60045056000
1871;1;228000
1872;121;10100000
1873;57;5083000
1874;178;12791000
1875;4;798000
1876;3885;811916000
1877;1872;254960000
1878;1510;84251000
1879;543;33848000
1880;109337;576865000
1881;0;0
1882;0;0
1883;1335396;11131211000
1884;0;0
1885;0;0
1886;22;2414000
1887;0;0
1888;199;11329000
1889;4605;173895000
1890;1285;46793000
1891;1034;34696000
1892;951;31903000
1893;3;62500329000
1894;9;1892000
1895;20054;250895000
1896;412235;3122477000
1897;93164;871037000
1898;4;894000
1899;712044;5245781000
1900;585311;2055430000
1901;578360;1757356000
1902;0;0
1903;3679;21772000
1904;861;6784000
1905;175;5571000
1906;793;14004000
1907;14410;313799000
1908;14314;293143000
1909;14410;288627000
1910;14314;283698000
1911;1193;54408000
1912;1265;92888000
1913;1771;75095000
1914;32600;465513000
1915;30;1477000
1916;96;6456000
1917;130;6061000
1918;96;3317000
1919;317;6445000
1920;13171;233997000
1921;2684;50887000
1922;116419;60000247000
1923;0;0
1924;5;791000
1925;95336;1190322000
1926;48;4469000
1927;756;21124000
1928;1497;77932000
1929;3065614;30994839000
1930;595566;61098075000
1931;0;0
1932;38612;416902000
1933;2;475000
1934;24;2608000
1935;3022;59275000
1936;22113;440626000
1937;918;12191000
1938;234;9675000
1939;8;1212000
1940;6;756000
1941;6;594000
1942;1014;60039000
1943;0;0
1944;20739130;26736097000
1945;2383;54714000
1946;14410;322338000
1947;14314;303341000
1948;420;22367000
1949;296462;61040644000
1950;0;0
1951;1220;27506000
1952;27496;656265000
1953;24908;457661000
1954;2523357;18447914000
1955;3066;89811000
1956;58;5849000
1957;0;202000
1958;41422;365333000
1959;71212;554665000
1960;16;1789000
1961;2113;58707000
1962;1;173000
1963;7933;218134000
1964;27681;247173000
1965;2112;53160000
1966;15155;259386000
1967;11639;90815000
1968;252573;61024175000
1969;279511;34023937000
1970;42506;659070000
1971;96;4512000
1972;16299;131310000
1973;0;0
1974;0;0
1975;8;1118000
1976;0;0
1977;1265;50158000
1978;3;577000
1979;4578051;26926762000
1980;1325118;19592032000
1981;1;60113334000
1982;42475;543398000
1983;36074;151898000
1984;2643;11977000
1985;0;0
1986;73;3922000
1987;34;483000
1988;1;142000
1989;302;16043000
1990;16989;240922000
1991;783145;5235759000
1992;126583;590371000
1993;638451;2661493000
1994;18240;200499000
1995;3659334;32742497000
1996;20;6482000
1997;4;596000
1998;530216;61049337000
1999;0;0
2000;44533;291411000
2001;198931;1394969000
2002;2336231;42987124000
2003;360;24803000
2004;638855;2680740000
2005;86816;544377000
2006;10235;23844000
2007;2568;101992000
2008;1;184000
2009;6046;157421000
2010;0;0
2011;240855;1622021000
2012;5362;125650000
2013;5361;115870000
2014;10580859;61958951000
2015;0;0
2016;212028;3136376000
2017;35092;740161000
2018;13144;132692000
2019;13143;132338000
2020;1622;21735000
2021;2475499;6416915000
2022;344;21263000
2023;4153;124123000
2024;0;0
2025;3;62101680000
2026;456387;61092317000
2027;20;2978000
2028;0;0
2029;1563;86556000
2030;0;0
2031;4683733;62112586000
2032;3;62918321000
2033;8680;103303000
2034;3;64816985000
2035;70;5375000
2036;5;738000
2037;280;8110000
2038;240234;1022652000
2039;0;0
2040;3817;91409000
2041;0;0
2042;35092;267540000
2043;0;0
2044;67586;654918000
2045;3;627000
2046;67585;579223000
2047;6811;127387000
2048;107312;585388000
2049;8934;198011000
2050;0;69000
2051;231;11846000
2052;524;18644000
2053;744;14206000
2054;0;0
2055;19152;205044000
2056;46968;230778000
2057;5749;212118000
2058;536;19845000
2059;379;20246000
2060;6805;86540000
2061;5775;36557000
2062;5032;154127000
2063;36;3268000
2064;6;611000
2065;8;825000
2066;311;16542000
2067;0;0
2068;171940;2497331000
2069;5405;151421000
2070;4551668;19261948000
2071;572382;61095916000
2072;569847;61093925000
2073;301;24157000
2074;226;25304000
2075;55;5703000
2076;0;60453620000
2077;0;60277853000
2078;260512;1633472000
2079;2383;117708000
2080;212029;1272998000
2081;102312;674173000
2082;1823;54771000
2083;28841;332836000
2084;0;326000
2085;7156273;62744591000
2086;7348;235219000
2087;6805;177800000
2088;10533;267062000
2089;35878;625490000
2090;2097764;33450386000
2091;35937;610924000
2092;4;492000
2093;0;60523890000
2094;16473;302806000
2095;16473;254539000
2096;75728;712681000
2097;19954;343297000
2098;121585;469014000
2099;110430;1114441000
2100;19634;331712000
2101;307859;1319146000
2102;10779;81779000
2103;42092;644460000
2104;18341094;60079450000
2105;8674998;38380626000
2106;5361;112890000
2107;4;731000
2108;8675425;38034587000
2109;5492905;60161805000
2110;1;526000
