\begin{filecontents}{q4-ring-inter.dat}
0.000262
0.000406
0.000376
0.000597
0.00059
0
0.004816
0.001959
0.002825
0.003491
0.321276
0.002671
0.000677
0.000541
0.000412
0.000689
0.000424
0.000335
0.000359
0.000684
0.000405
0.000357
0.000417
0.000485
0.000341
0.000256
0.00045
0.000351
0.00039
0.000555
0.000505
0.000391
0.000279
0.000345
0.000539
0.000392
0.000462
0.00034
0.000261
0.000306
0.000475
0.000347
0.000439
0.000331
0.000358
0.000354
0.000312
0.000333
0.000349
0.0004
0.00031
0.000321
0.00048
0.000651
0.000448
0.000426
0.000293
0.000286
0.000333
0
1.76817
0.001045
0.000524
0.000739
0
0.000538
0.000654
0.000554
0.000952
0.000915
0.000127
0.000926
0.000435
0.00047
0.000882
0.000483
0.000196
0.000696
0.000768
0.000634
1.72623
0.275094
\end{filecontents}