\begin{filecontents}{q22-ring-inter.dat}
0.809692
0.033275
0.017736
0.00615
3.22778
1.49403
0.333556
0.17906
0.004379
0.759207
0.767249
0.161301
0.801398
0.000678
0.044053
1.15926
7.40743
0.065065
0.199579
0.000882
0.000891
0.000901
0.000878
0.001395
0.000912
0.001129
0.000822
1.61023
0.00861
3.85631
0.925863
4.53632
0.053839
0.604955
2.89988
0.418412
0.003186
60
0.005605
0.004718
0.003813
1.84335
15.9055
0.003919
0.613024
0.016888
0.316272
13.8694
1.0099
0.000122
5.53034
2.64661
2.66117
0.010728
0.007135
0.006472
0.006094
3.10839
0.772359
4.1e-05
0.068833
0.000642
0.065274
0.00223
1.36648
0.6663
1.50193
1.45575
0.442588
0.068633
0.00289
0.079747
0.012824
0.008745
0.384493
0.068399
0.01766
0.287283
0.002387
0.001464
1.57404
2.16335
1.38756
0.418513
0.395305
0.092108
1.78967
0.371939
0.584455
4.44713
0.008256
0.60997
0.013293
0.003917
0.001651
0.00159
0.001683
0.429019
1.32005
0.131426
0.057793
0.123952
0.057003
0.00197
0.001048
0.062407
0.07314
0.000938
0.000674
0.117933
0.057332
0.001098
0.000969
0.002561
0.000497
0.171581
0.059905
0.405031
1.94863
0.662953
0.001203
0.650648
0.081802
0.046883
1.48824
3.5574
1.93226
1.00331
4.02718
0.00082
0.139312
0.101828
0.683021
0.016671
0.776045
0.023102
0.267049
0.25496
0.001892
5.24578
2.05543
1.75736
0.021124
0.077932
0.002608
5.23576
0.006482
0.021263
0.000611
0.000825
0.005703
0.331712
\end{filecontents}