\begin{filecontents}{q1-ring-inter.dat}
0.214739
1.58634
0.074166
0.035657
0.235989
0.195503
0.139544
0.31724
0.018049
4.50319
0.584228
2.51136
0.015444
3.21621
0.634725
1.23333
0.448595
1.26885
2.06175
0.248075
0.791351
0.07514
0.016524
2.20545
0.017443
3.43713
0.130127
4.65315
0.091314
0.103126
0.084898
0.122555
4.44424
0.793369
0.513385
0.545788
3.95528
0.266022
0.242893
0.222777
0.115722
0.218615
0.378836
0.188944
2.27551
0.282595
2.18328
0.13006
0.830155
1.27966
0.00166
0.015726
1.63736
0.165902
0.269704
0.2368
1.19204
0.678883
0.136491
0.023709
0.800628
1.92272
0.76572
0.006298
0.257619
0.000965
0.13809
1.09941
0.923235
1.84209
0.019633
0.728769
2.95369
0.06575
1.06642
3.4339
0.165522
1.95621
0.032873
1.85069
1.4921
0.129948
0.016992
0.133554
0.001384
7.35639
0.11442
0.004036
0.250562
0.122616
1.01684
0.007438
0.270641
2.49029
3.05265
0.971501
0.093496
0.18788
1.10202
0.107348
2.80641
1.5508
0.343001
0.016435
0.032438
0.651262
0.351404
4.71525
2.52372
0.433868
0.00343
0.121422
0.289815
0.05923
0.432574
0.084128
0.03308
0.208166
0.204636
0.077771
0.19469
0.351973
3.83492
0.004357
1.68271
3.50408
0.259278
4.02162
1.41962
2.81226
0.250921
0.002492
0.00195
0.758609
0.238734
0.043051
0.120361
0.784878
0.298201
0.003499
0.156705
3.00654
0.134978
3.46261
1.1029
2.96793
4.34017
1.17143
0.444226
0.331399
0.163216
0.003514
3.71229
3.67024
3.76583
3.1683
1.32494
0.031468
3.88451
3.2376
0.558897
0.082832
0.238246
0.000921
0.005395
3.75551
0.092725
0.029896
0.485534
0.436639
0.561513
0.854896
2.22578
0.064108
0.076052
0.063898
0.175687
0.022278
0.101675
0.662112
0.014293
0.657096
0.054889
0.500972
2.371
0.001582
3.1709
3.36274
1.76554
1.04067
12.6517
0.905203
0.143937
0.106993
0.050736
0.229434
0.167234
0.02726
0.053097
0.018106
1.1502
0.65498
0.19943
2.26249
1.22574
0.010398
3.91429
1.27739
0.27955
0.035503
0.550325
2.58959
0.519837
0.02323
0.020559
0.241475
1.36264
0.056494
1.6956
4.41206
0.043745
0.010486
0.160853
0.119314
0.579118
0.108706
0.673865
0.002079
0.679444
3.00609
0.033235
0.521443
0.01284
0.588291
0.388618
1.09257
1.05765
0.562069
1.58853
1.0271
0.589246
1.48002
0.082339
0.043364
0.051676
0.002289
0.001365
0.003198
0.00207
0.000555
0.180088
0.005722
0.115775
0.173273
5.30112
8.35001
0.095407
0.026673
0.011997
2.49152
0.003332
0.014318
0.48763
1.23266
0.035751
0.066748
0.080246
1.28253
0.220101
0.034447
1.11447
1.0109
0.310237
0.00076
0.000923
1.24331
0.216489
0.102976
0.461276
0.125769
0.20287
0.286641
0.0285
2.2157
0.04374
0.001123
0.062547
0.013729
1.82174
0.995242
0.000786
0.003893
0.056314
0.018271
0.259077
0.078715
0.000581
0.277695
0.023939
0.010832
0.155988
0.00848
0.871265
1.1002
0.029113
0.237567
0.035493
0.035101
0.180066
0.084334
0.353018
0.143549
0.701204
0.02345
0.001459
0.222429
1.57431
0.010474
0.008017
0.018647
0.002829
0.000923
0.041585
0.955964
2.66541
0.026964
0.020797
0.075745
1.37257
0.036488
0.026019
0.705797
0.008924
0.017208
0.014048
0.001459
0.491841
0.007937
0.13422
0.620386
0.053662
0.003413
0.000999
0.000582
0.098672
2.34637
0.829409
0.640158
0.0963
0.075904
0.105914
0.620047
0.0114
0.302345
0.001504
0.069193
1.55678
0.000393
0.002511
0.174953
0.140914
0.467302
2.09905
0.003356
0.009091
0.189172
0.197163
0.717322
0.212715
1.34467
0.046581
3.29918
1.07133
0.016983
0.016894
0.100364
0.007898
0.022902
0.077405
0.540283
3.74246
1.62057
0.012049
2.15973
0.086524
0.604824
0.402868
0.937547
0.177893
0.005353
0.625043
0.021997
0.106209
0.002857
0.010585
0.615789
0.308325
0.289021
0.130797
0.034696
0.031903
3.12248
0.005571
0.014004
0.092888
0.465513
0.001477
0.006445
0.050887
0.416902
0.059275
0.440626
0.012191
0.001212
0.027506
0.365333
0.554665
0.218134
0.247173
0.259386
0.65907
0.004512
0.13131
0.050158
0.003922
0.200499
0.291411
1.39497
0.157421
0.11587
0.740161
0.021735
0.086556
0.005375
0.00811
0.091409
0.579223
0.127387
0.585388
0.014206
0.230778
2.49733
0.151421
1.63347
0.332836
0.610924
0.712681
1.11444
1.31915
0.64446
\end{filecontents}