\begin{filecontents}{q5-ring-inter.dat}
0.003321
0.002342
0.001582
0.000918
0.001017
0.004318
0.000973
0.002525
0.000592
0.00235
0.001378
0.001407
0.001781
0.002788
0.000539
0.002404
0.001
0.001214
0.000541
0.001753
0.001049
0.00213
0.001654
0.000914
0.001181
0.001223
0.000432
0.003335
0.000653
0.00102
0.000551
0.000498
0.000489
0.000594
0.000421
0.000636
0.000547
0.000765
0.001079
0.000873
0.004854
0.000659
0.000701
0.000663
0.000915
0.001116
0.002129
0.000661
0.00072
0.000727
0.000998
0.000647
0.001033
0.005889
0.00044
0.000736
0.000674
0.000938
0.000641
0.000586
0.000992
0.002272
0.001207
0.000795
0.001326
0.000908
0.001029
0.000589
0.001365
0.004227
0.001019
0.00151
0.001073
0.00113
0.000785
0.000883
0.000681
0.001098
0.000889
0.001029
0.000794
0.001307
0.000741
0.00075
0.000798
0.000894
0.003317
0.000791
0.000756
0.000594
0.000577
0.000627
0.267062
0.000492
0.302806
\end{filecontents}