\begin{filecontents}{q24-ring-inter.dat}
0
0.129925
0.124524
21.726788
0.079823
16.947281
1.214036
8.84173
23.096246
4.682925
0.006767
3.20692
25.162484
0.325789
24.132465
8.639227
29.135293
0.505478
30.812201
46.948351
98.345105
384.818458
0.00577
0.039152
16.723809
0.001144
5.68788
4.1394
0.074809
0.054306
12.658503
0.015818
14.883616
0.694336
110.242165
0.364403
0.411416
0.263006
0.173662
9.288541
7.04774
34.487081
14.49671
11.845041
0.286214
9.127419
50.971326
0.013026
0.019774
9.295542
7.116158
9.808792
3.589337
22.349103
16.487116
\end{filecontents}