1.81275
14.3461
60
3.65835
6.05493
60
8.11563
60
1.07452
3.65639
59.23
6.24457
0.328021
1.054
6.03088
1.04599
0.013483
1.10689
0.361574
0.061082
0.568223
60
5.42756
14.3559
0.195387
60
8.72014
0.279035
7.61634
8.86126
0.751904
0.620167
0.355881
60
0.414046
40.9681
60
2.38288
0.153705
4.13268
1.44531
0.044797
0.201957
2.70001
1.66839
60
9.05476
37.798
16.9831
3.67159
9.82475
60
23.7837
7.20494
0.415505
12.8204
4.84696
60
5.2473
0.049076
0.078651
6.71074
2.64165
60
5.21384
0.020779
0.005084
0.004375
0.0041
8.412
0.044773
0.064041
0.464737
60
4.94026
1.7557
5.30216
0.241716
11.0713
15.7093
24.6586
0.811916
60
1.19032
34.0239
1.62202
0.26754
0.674173
