\begin{filecontents}{q3-ring-inter.dat}
0.544122
0.032357
0.060912
1.75214
1.28584
1.55816
5.88233
1.73193
0.027911
1.7152
0.02442
0.036117
2.1419
0.07025
0.01169
5.11824
3.02912
3.03803
1.02901
3.25479
2.27532
0.085955
0.297977
0.320158
0.343052
0.902989
4.29225
0.560979
0.497745
0.010271
1.47482
0.060432
0.193871
0.002792
0.040771
0.239616
2.82521
0.006349
0.388773
0.085064
0.830506
1.1497
0.103639
1.44615
0.055355
1.34299
1.80125
0.256839
0.48182
0.02895
0.444114
0.156155
0.068252
2.69521
0.023723
0.430276
0.444776
0.222268
0.127939
0.24156
0.361592
0.036164
0.738916
0.543257
1.56688
0.630938
0.146389
0.463761
0.129992
0.083097
1.00869
4.26495
1.52751
0.000668
0.097733
0.47691
0.047066
0.575961
0.003089
0.320819
0.134124
0.118131
0.056208
0.003265
0.102564
0.170919
0.071978
0.09549
0.314529
0.285122
3.74316
0.979819
0.020259
0.0101
0.250895
0.656265
0.457661
0.089811
0.005849
2.66149
3.13638
0.132338
0.020246
0.003268
0.016542
0.024157
0.469014
\end{filecontents}