\begin{filecontents}{q2-ring-inter.dat}
0.000195
3.08877
0.164778
0.236559
0.01605
0.002074
0.023363
7.7444
0.027217
0.552668
0.714697
1.3779
0.08235
0.083521
1.7681
0.329032
0.001807
0.009604
0.000432
0.000122
0.743216
0.173713
0.086999
12.2262
0.031672
0.099367
0.003796
0.006133
0.021574
0.001348
0.098711
0.004933
1.86744
0.000202
0.069946
1.49829
0.337177
0.464883
2.71261
1.84001
0.019546
0.720165
1.98079
0
0.048733
0.000893
0.017613
0.435906
0.00631
0.184583
0
0.000793
0.433453
0.184859
0.073481
3.04558
0.011733
0.193625
0.075523
0.088467
0.06593
0.023173
0.003716
0.040511
0.523454
0
0.010034
0.231294
0.013743
0.076283
0.193861
0.067445
0.001978
0.00073
0.068254
0.026328
0.034393
0.109554
1.55723
2.39736
0.312286
0.028048
0.052161
0.400739
7.81906
1.24735
0.001524
0.264377
5.7567
0.000184
0.007254
1.61284
0.000253
0.015386
0.526154
0.004236
0.002646
0.004749
2.64495
0.199412
6.37977
1.19421
0.127271
0.054993
0.010288
0.060387
0.026436
0.012069
0.008198
0.225612
0.342516
0.007183
0.015128
0.000266
2.23795
0.001324
0.003007
0.490291
0.047687
0.339552
0.007247
0.4959
0.014922
0.000823
0.01994
0.027551
0.335635
0.163871
0.460701
0.001643
0.022387
0.002168
0.007341
0.001402
0.012919
0.001502
0.815589
2.19456
5.83999
4.24504
0.015886
1.52911
0.000523
9.40816
0.035303
0.000707
0.010542
6.31678
0.03602
0.071192
0.024976
0.024375
0.039799
0.025093
0.028225
0.017599
0.010869
0.000908
0.001829
1.43717
0.25568
0.012358
1.95019
0.949495
1.87312
2.21826
1.76719
0.085131
0.241842
0.054542
0.608832
0.043366
0.276154
0.000172
0.00218
0.294163
0.216677
4.33678
0.168383
0.071126
0.245116
0.000451
1.79784
0.023004
0.021494
0.004267
1.7551
0.015844
0.000186
0.00472
0.076991
0.076022
0.000316
0.161553
0.427187
0.047388
0.002311
0.008831
0.013721
0.006353
0.082466
0.004254
0.038662
0.032097
0.029562
0.107331
12.3253
0.021272
0.005632
0.649748
0.575511
2.98856
0.021247
0.001952
1.1065
0.145788
1.19344
0.029513
0
0
0.032623
0.288943
0.029698
0.002964
0.428711
0.005318
0.009568
0.000144
0.109799
0.034839
0.015354
0.011444
0.027276
0.005588
0.011483
0.004172
0.009235
0.002034
0.020389
0.005864
0.008804
0.032227
0.337171
3.0275
0.021485
0.452117
0.030292
0.256214
0.451345
0.218295
1.36217
0.002092
0.715754
0.246501
0.009663
0.042629
0.312328
0.032429
0.440599
1.72192
0.058005
0.008633
0.021399
0.037493
0.26606
0.525894
0.15042
13.9636
0.027116
0
0.036989
0.018997
0.001257
1.7115
20.0973
0.144186
0.005999
0.001656
0.000531
0.984341
0.009311
0
0.152779
0.006438
0.005096
2.42327
0.002043
0
0.264472
0.183616
0.00842
0.084989
0.002105
0.000763
0.001636
0.037818
3.22006
0.779321
0.117599
0.110307
0.0339
0.005387
0.015319
0.010682
0.097543
0.004036
0.003381
0.013922
0.004018
0.000176
0.000141
0.006213
0.005422
60
4.96625
0.001733
0.02556
1.86912
1.62366
1.80686
0.061704
0.886884
0.265593
0.272536
0.012002
0.051969
0.294424
0.093172
0.032318
0.037261
0.001259
0.000427
0.00043
0.015342
0.458802
0.024674
2.26231
0.000203
0.060386
0.012486
0.077564
0.017754
0.388969
\end{filecontents}