0.214739
19.1846
0.000195
3.08877
0.164778
0.236559
7.10217
0.01605
0.374053
1.58634
0.074166
0.035657
0.002074
0.023363
0.235989
0.195503
7.7444
0.000262
0.027217
0.139544
0.552668
0.31724
0.544122
0.714697
0.018049
1.3779
4.50319
0.08235
0.584228
0.083521
13.9525
2.51136
1.7681
0.032357
0.060912
1.75214
0.329032
0.015444
0.001807
3.21621
0.634725
1.23333
0.000214
0.448595
1.26885
1.28584
1.55816
0.009604
0.000432
0.000122
2.06175
60
0.743216
0.173713
0.248075
0.086999
0.791351
12.2262
0.809692
0.000406
0.031672
0.099367
0.003796
0.006133
0.000376
0.000597
0.021574
6.06126
7.72171
0.00059
0.07514
0.001348
10.1945
0.016524
10.0803
2.20545
0.098711
0.004933
16.3313
0.017443
0
1.86744
0
0.000202
3.43713
0
0.130127
4.65315
0.069946
0.091314
1.49829
0.103126
0.337177
0.084898
0
9.79806
0.122555
0.464883
0.108787
4.44424
2.71261
1.84001
0.019546
0.025704
0.720165
1.98079
0.793369
0.513385
0
0.048733
0.000893
0.017613
0.435906
0.00631
0.184583
0
0.000793
0.545788
0.433453
0.184859
0.073481
3.95528
0.266022
3.04558
0.000217
0.242893
0.222777
0.115722
5.88233
0.011733
0.083444
0.193625
0.201109
0.075523
0.218615
0.088467
6.50515
0.378836
1.73193
0.027911
1.7152
0.06593
0.188944
0.023173
2.27551
0.282595
2.18328
0
0.066095
0.13006
0.02442
0.830155
0.003716
30.5321
1.27966
0.040511
0.523454
0
0.036117
0.010034
0.231294
0.013743
0.076283
2.1419
0.193861
0.067445
0.001978
0.00073
0.068254
0.00166
0.015726
0.000193
0.000147
0.07025
0.003738
1.63736
0.01169
0.026328
0.165902
0
0
0.004816
0.034393
0.269704
5.81911
0.2368
0
1.19204
0.109554
0.678883
1.55723
0.136491
0.023709
0.800628
1.92272
0.76572
0.159021
2.39736
0.312286
0.006298
3.3494
0.264429
14.8853
0.000226
0.001637
0.000153
0.000151
0.000153
0.257619
0.000965
0.13809
0.028048
0.033275
0.017736
0.052161
5.11824
1.09941
0.400739
0.00615
7.81906
0.923235
1.84209
17.3695
0.019633
0.728769
2.95369
0.06575
21.2667
1.06642
3.4339
0.165522
1.95621
3.02912
1.24735
0.032873
0.001524
0.264377
3.03803
0
1.02901
26.0058
1.85069
3.22778
1.49403
1.4921
0.129948
5.7567
0.000184
0.333556
0.007254
1.61284
0
55.5673
0.000253
0.016992
0.015386
0.17906
7.43499
0.526154
0.133554
0.001384
0.004379
0.000168
0.759207
7.35639
0.004236
3.25479
60
2.27532
0.002646
0.004749
2.64495
0.199412
6.37977
1.19421
0.127271
0.003321
0.002342
0.054993
0
0.11442
0.004036
0.767249
0.001959
0.002825
0.055952
0.250562
0.010288
9.67908
0.161301
0.122616
0
0.000243
0
0.015467
1.01684
0.007438
0.060387
0.026436
0.012069
0.008198
9.94706
17.7272
0.270641
2.49029
6.41484
0.000379
0.225612
0.342516
0.275363
0.007183
3.05265
0.015128
18.2029
7.26929
0.088452
0.427922
0.14616
0.014426
0.000325
0.007875
0.003674
0.000266
2.23795
0.801398
0.001324
0.003007
26.9262
0.490291
1.13683
0.971501
0.093496
7.58077
0.427113
0.085955
0.18788
0.097331
0.000678
0.047687
0.297977
0
1.10202
0
0.044053
0.339552
0.107348
0.320158
0.007247
2.80641
1.5508
0.343052
0.4959
0.014922
0.343001
0.902989
0.000823
0.01994
0.027551
0.335635
0.016435
0.032438
0.651262
0.351404
60
0.163871
0.460701
0.001643
0.022387
0.002168
0.007341
0.001402
0.012919
0.001502
4.71525
0
2.52372
0.815589
2.19456
0.433868
0.00343
3.82715
0
0
5.83999
4.24504
4.29225
0.560979
0.497745
1.15926
7.40743
5.93525
0.010271
0.065065
0.015886
1.52911
2.36924
0.199579
0.121422
0.289815
0.05923
10.9758
0.432574
0.432351
0
0.084128
5.0642
0.229412
0.000523
9.40816
0.03308
0.208166
1.47482
0.204636
0.035303
5.95581
0.000707
0.001582
0.000918
0.000882
0.000891
0.000901
0.000878
0.077771
0.001395
0.000912
0.001129
0.000822
0.000162
0.19469
0.351973
19.443
44.6059
3.83492
0.004357
1.68271
3.50408
0.259278
4.02162
1.41962
2.81226
0.250921
0.010542
0.002492
0.00195
0.758609
1.01512
1.61023
0.060432
0
0.238734
6.31678
0.03602
0.071192
0.003491
0.043051
0.193871
0.024976
0.024375
0.039799
0.025093
0.028225
0.017599
0.938538
0.120361
0.784878
0.298201
0.002792
0.003499
0.156705
3.00654
0.134978
60
13.0851
3.46261
1.1029
0.000201
11.288
6.99513
27.4822
2.96793
4.34017
0.059656
0.264472
60
0.000224
1.17143
8.88136
10.7687
0.444226
10.6678
13.244
10.719
0.331399
0.163216
6.24807
10.9778
0.003514
0.010869
0.000908
0.001829
9.81927
0.000217
3.71229
3.67024
1.43717
2.76794
3.76583
55.2929
3.1683
0.000241
0.25568
0.040771
0.012358
1.32494
0.031468
3.88451
0
3.2376
0.558897
1.95019
0.949495
1.87312
2.21826
1.76719
0.082832
0.085131
0.241842
0.054542
0.043915
9.87578
0.608832
0
0.238246
0.000921
0.043366
0.276154
0.000172
0.005395
40.8281
3.75551
13.2895
60
0.092725
0.00218
41.1747
0.321276
0.294163
0.029896
1.2966
0.159299
0.130021
0.216677
0.485534
0.000499
4.33678
0.168383
0.071126
0
0.436639
0.239616
0
2.82521
0.006349
0.245116
0.000451
0.06467
0.561513
1.79784
0.023004
9.3699
0.854896
23.1182
2.22578
0.001017
0.064108
0.021494
0.076052
0.004267
1.7551
0.015844
0.092469
0.063898
0.175687
0.000186
0.00472
0.388773
0.022278
0.007171
8.89036
0.076991
3.39671
0.101675
0
0
0.076022
0.000316
43.656
0.161553
12.7666
0.427187
0.024553
0.004755
0.004263
0.140976
0.005106
0.000408
1.6839
0.047388
0.662112
0.002311
0.014293
0.657096
0.008831
0.013721
0.006353
0.085064
0.082466
0
0.004254
0.038662
0.032097
0
0.054889
0.500972
0.029562
0.00861
1.6271
2.371
0.107331
32.1315
12.3253
13.8436
0.021272
2.52731
7.2479
0.002442
0.001582
32.9807
0.005632
0.649748
0
0.575511
3.1709
3.85631
0
3.36274
1.76554
0.268333
2.98856
0.021247
1.04067
12.6517
0.001952
12.7208
0.925863
0.905203
0.143937
0.106993
0.050736
4.53632
0.002671
0.830506
1.1497
0.053839
1.1065
0.103639
0.229434
1.44615
0.055355
1.34299
1.80125
0.004318
0.604955
2.89988
0.418412
0.00022
0.798089
8.00167
0.167234
0.256839
0.02726
0.145788
1.19344
0.029513
0.48182
0.02895
0.444114
0
0.004682
0
0
0.053097
0.018106
1.1502
0.65498
0.19943
0.032623
2.26249
1.22574
7.46829
0.010398
0.288943
0.156155
0.003186
0.029698
0.002964
3.91429
9.42624
1.27739
0.27955
0.068252
0.017398
0.136872
0.035503
60
0.550325
2.69521
0.023723
0.430276
0.444776
0.222268
0.127939
1.42778
2.58959
0.519837
0.02323
0.428711
0.005318
0.009568
0.000144
5.00294
5.1e-05
0.020559
0.24156
0.241475
1.36264
0.056494
1.6956
0.109799
4.41206
0.000973
0.034839
0.002525
0
0.043745
0.000592
0.361592
0.000677
0.015354
0.011444
0.153124
0.000541
0.000412
0.027276
0.000689
0.000424
0.000335
0.000359
0.010486
0.000684
0.00235
0.005588
0.000405
0.000357
0.000417
0.000485
0.000341
0.000256
0.001378
0.001407
0.00045
0.000351
0.00039
0.000555
0.011483
0.000505
0.000391
0.000279
0.000345
0.004172
0.009235
0.000539
0.000392
0.002034
0.000462
0.00034
0.000261
0.000306
0.000475
0.020389
0.000347
0.000439
0.000331
0.000358
0.000354
0.001151
0.000312
0.000333
0.000349
0.005864
0.0004
0.00031
0.001781
0.000321
0.160853
0.00048
0.008804
0.000651
0.000448
0.000426
0.000293
0.000286
6.2e-05
0.000333
0.032227
0
0.005605
0.004718
0.002788
0.000539
0.119314
0.002404
0
0.001
0.001214
0.000541
0.001753
0.001049
0.579118
0.00213
0.001654
0.036164
0.337171
0.108706
3.0275
0.021485
0.452117
0.030292
0.256214
0.000914
0.673865
0.451345
0.218295
1.36217
0.002092
0.715754
0.002079
0.679444
0
3.00609
0.246501
0.033235
0.521443
0.209674
0.046382
0.738916
0.003813
1.84335
0.5115
0.009663
15.9055
0.003919
0
0.01284
0.588291
0.388618
0.613024
6.31105
0.042629
1.09257
0.001181
0.312328
0.000207
1.05765
0.562069
0.016888
1.58853
1.0271
0.589246
1.48002
0.082339
0.043364
0.051676
0.002289
0.001365
0.003198
0.00207
0.000555
0.316272
0.180088
30.4504
0.032429
0.005722
0.440599
1.76817
1.72192
0.543257
0.115775
0.173273
0.001223
0.000432
13.8694
0.524861
0.004133
0.000187
0.058005
0.003335
0.008633
0.001045
0.000524
0.021399
0.000653
0.000739
0.043479
0.044874
0.000587
0.037493
0.172864
12.4043
0.26606
2.38262
0.002516
0.00102
0.000551
0.000498
0.000489
0.000594
0.000421
0.000636
0.000547
0.000765
0.024463
5.30112
1.56688
8.35001
0.001079
0.000873
0.004854
0.000659
0.000701
0.095407
0.026673
0.000663
21.6792
0.000707
0.000915
1.0099
0.525894
0.15042
0.011997
13.9636
27.0097
2.49152
0.027116
0
0.003332
0.014318
0.48763
24.9317
0.001116
0.036989
0.018997
0.000122
0.630938
0.275818
0.002129
0.000661
0.00072
0.001257
5.53034
1.23266
2.64661
2.66117
0.000727
0.000998
0.000647
0.035751
5.72427
0.010728
0.007135
0.006472
0.006094
0.066748
0.146389
0.364993
0.000861
1.26564
3.10839
0.080246
0.772359
4.1e-05
0.068833
0.000642
23.1417
1.28253
0.001033
1.7115
20.0973
0.005889
0.00044
0.065274
5.73757
0
0
0.00223
1.36648
0.220101
0.144186
0
24.1041
0.6663
0.034447
0.000736
1.11447
1.0109
0
0.005999
0.000674
0.000938
0.310237
0.463761
0.015734
0.051147
0.129992
1.50193
1.45575
0.00076
0.000923
0.083097
1.24331
0.216489
0
7.12594
0.102976
0.461276
0.125769
0.000641
0.442588
0.068633
0.000586
0
0.20287
0.001656
0.000531
0.286641
0.0285
2.2157
0.984341
0.04374
0.001123
0.062547
0.000538
0.013729
0.000992
0.002272
1.82174
0.995242
0.000786
0
0.003893
0.056314
0.001207
0.018271
0.009311
0
0.152779
0.006438
0.259077
0.078715
0.000581
0.000795
0.277695
0.005096
2.42327
0.002043
0.000654
6.94863
0.023939
0.010832
3.04176
0.155988
0
0.00289
0.00848
0.871265
1.1002
0.029113
60
0
0.264472
0.237567
0.183616
0.548666
0.114218
0.00842
0.001326
0.084989
0.002105
0.000763
0.001636
0.037818
3.22006
0.779321
0.117599
0.110307
0.000908
0.035493
0.035101
0.079747
0.180066
0.084334
0.353018
0.143549
7.99583
0.701204
0.02345
0.0339
0.005387
0.015319
0.010682
53.9829
15.11
0.097543
0.001459
0.012824
14.0539
0.001029
0.000554
0.004036
0.003381
0.013922
0.012066
0.004018
9.25783
8.85229
7.90936
2.77111
2.3531
0.222429
0.000176
0.000141
0.006213
2.28648
0.000952
1.57431
0.010474
0.008017
0.018647
0.002829
0.000923
8.72064
0.041585
0.955964
2.66541
0.026964
0.020797
0.005422
0.000589
57.6039
8.47776
0.075745
1.37257
60
4.96625
0.001733
0.036488
0.026019
0.008745
16.2136
0.02556
0.000915
0.000127
4.01921
1.00869
4.26495
0.705797
0.000926
0.000435
0.525987
1.86912
1.62366
1.80686
0.384493
0.068399
0.01766
0.287283
0.007963
0.002387
7.13033
0.008924
0.017208
0.001365
0.061704
0.004227
0.886884
0.265593
0.272536
0.001019
0.012002
0.014048
0.001459
1.52751
0.491841
0.001464
7.2644
1.57404
2.16335
1.38756
1.4557
0.418513
0.395305
0.092108
7.22708
13.2914
2.84476
0.007937
0.13422
1.78967
0.371939
0.584455
0.00151
0.620386
0.279017
0.001431
0.005671
0.009526
0.053662
0.000186
0.003413
0.000999
0.000582
0.098672
0
0
0.00047
2.34637
0.000668
0.051969
8.65873
0.294424
0.093172
0.003218
0.829409
0.000882
0.000483
0.032318
8.01853
0.000216
0.640158
0.0963
0.037261
0.075904
0.105914
0.001259
0
4.44713
0.620047
0.0114
0.302345
3.48793
0.001073
0.000427
0.00043
0.015342
0.001504
1.52929
0.00113
0.097733
0.000196
0.47691
0.069193
0.047066
1.55678
0.458802
0.077551
0.000785
0.000393
0.024674
2.26231
0.008256
0.644166
0.022912
0.728258
0.029239
1.17828
0.08892
0.000696
0.002511
0.003799
2.94643
0.60997
0.013293
0.003917
0.001651
0.00159
0.001683
0.000203
0.000883
0.575961
0.174953
0.000768
0.000634
0.000681
0.015475
0.429019
0.140914
1.72623
0.060386
0.467302
0.275094
0.012486
0
2.09905
0.077564
0.003089
0.003356
0.009091
0.017754
0.189172
0.388969
0.320819
0.197163
10.0824
0.717322
