\begin{filecontents}{q3-matrix.dat}
9.672
0.3
1.344
10.224
11.688
13.52
60
15.492
0.336
15.732
0.712
1.488
10.612
2.552
0.216
60
28.668
35.98
6.552
12.084
13.392
1.976
3.316
5.012
5.044
10.448
25.192
4.988
4.512
0.056
13.476
1.468
4.96
0.02
1.1
3.54
26.628
0.132
6.584
0.812
9.744
11.612
1.684
7.628
0.964
5.444
3.276
3.564
6.852
0.432
6.572
3.836
1.256
39.968
0.412
6.596
7.956
6.032
2.588
3.636
5.144
0.484
10.908
8.872
10.844
8.176
1.624
5.456
0.28
1.596
7.612
51.116
7.196
0.012
0.38
8.652
2.32
9.94
0.028
4.412
2.756
4.564
1.384
0.136
1.468
3.44
1.52
2.572
58.868
59.876
34.996
11.088
0.716
0.176
5.928
25.264
16.696
1.7
0.584
24.348
6.032
1.2
0.444
0.044
0.44
0.396
2.016
\end{filecontents}