\begin{filecontents}{q1-matrix.dat}
6.988
6.092
6.592
4.912
0.884
1.068
1.964
2.964
0.536
27.896
2.264
8.78
0.68
18.616
4.988
6.696
7.3
4.068
4.408
0.792
2.944
4.328
1.376
8.124
0.672
10.804
1.072
12.148
0.548
0.584
0.968
2.244
11.792
1.736
1.14
5.1
14.944
1.528
2.368
1.42
0.88
4.576
12
0.788
5.968
1.216
5.06
4.152
4.68
3.736
0.492
0.584
5.412
1.444
6.12
2.168
3.444
2.076
3.336
0.784
4.528
11.064
3.236
0.58
10.464
0.624
2.076
2.9
4.372
19.4
1.944
11.8
40.812
1.004
5.528
18.2
1.688
4.112
1.296
5.796
3.2
1.012
0.604
4.716
0.68
15.912
0.912
0.492
0.948
0.672
7.264
0.608
0.912
15.968
5.272
3.276
0.832
0.8
3.448
1.032
10.332
9.38
0.84
0.5
0.504
3.752
1.92
11.172
12.712
9.808
0.548
0.688
1.14
2.096
60
4.708
0.648
0.784
0.972
1.912
0.972
1.872
49.628
0.516
16.528
31.508
7.736
35.488
14.624
23.268
7.868
0.48
0.524
1.644
1.764
6.052
1.468
1.864
1.912
0.672
0.744
14.788
4.668
32.876
13.792
23.328
32.248
13.632
12.496
1.152
1.552
0.732
35.92
36.064
49.588
19.016
11.084
0.932
49.72
10.872
9.404
0.676
1.004
0.576
1.684
35.892
1.82
0.52
2.12
15.268
4.308
4.564
9.124
0.924
0.888
0.556
0.78
1.192
60
2.504
4.028
4.652
0.624
1.32
4.384
0.616
6.48
34.348
3.788
2.092
60
2.6
3.136
2.38
1.192
3.764
0.736
0.524
1.644
0.588
3.552
2.216
2.84
7.812
2.98
0.476
22.172
4.316
1.6
0.628
2.42
38.272
2.58
4.296
2.024
4.496
1.752
0.596
6.256
60
1.036
1.316
0.908
3.232
9.188
3.364
5.2
0.532
4.076
6.956
0.608
2.044
0.612
2.26
1.624
4.828
9.28
4.44
5.628
2.652
1.632
3.616
1.316
0.592
0.58
0.544
0.496
0.512
0.496
0.496
0.92
1.168
0.616
1.276
48.388
53.74
1.152
0.584
0.572
0.88
0.504
0.5
1.036
2.356
0.548
2.668
0.616
3.108
6.828
0.504
7.244
6.84
2.224
0.484
0.484
5.2
0.744
0.78
4.66
0.832
8.776
0.912
0.704
13.948
0.544
0.508
1.744
1.092
12.632
2.86
0.492
0.544
0.74
0.864
7.376
0.656
0.536
0.952
0.512
1.352
2.104
0.572
1.08
6.264
0.668
0.896
0.54
0.788
0.66
0.692
1.596
0.884
4.432
0.56
0.48
4.652
8.5
1.772
1.924
4.224
0.696
0.712
1.36
8.752
9.036
0.72
0.62
1.484
2.68
0.496
0.504
60
0.532
0.66
0.52
0.48
2.184
0.512
5.46
8.996
1.06
0.788
0.516
0.52
1.568
9.888
2.852
15.904
2.84
0.572
60
4.04
0.604
1.864
0.528
1.44
16.02
0.496
0.528
0.656
1.928
0.928
2.288
0.508
0.548
0.648
0.676
1.836
0.96
10.648
0.98
4.34
4.644
0.524
0.548
0.664
0.488
0.544
0.608
1.652
22.052
5.672
0.56
17.772
1.612
60
0.896
23.992
0.908
60
1.916
0.544
1.192
0.612
0.64
5.724
1.588
1.124
0.716
0.608
60
52.196
0.568
0.692
3.228
2.024
0.552
0.844
0.612
7.948
0.912
1.12
0.536
0.62
0.528
10.876
1.936
9.86
0.708
2.668
4.572
0.492
1.636
0.504
0.484
9.664
1.128
7.552
1.564
6.984
20.056
0.548
0.96
0.524
0.504
1.46
2.228
1.128
1.572
0.524
0.932
25.692
0.692
5.128
2.48
2.988
2
5.82
2.576
9.716
\end{filecontents}