6.988
0.468
47.224
3.052
3.876
0.792
18.212
6.092
6.592
4.912
0.544
1.948
0.884
1.068
0.476
2.14
1.964
15.368
2.964
9.672
11.684
0.536
22.964
27.896
3.28
2.264
2.876
8.78
3.432
0.3
1.344
10.224
7.644
0.68
0.544
18.616
4.988
6.696
7.3
4.068
11.688
13.52
0.76
0.492
0.504
4.408
11.692
5.64
0.792
3.616
2.944
60
0.484
1.58
2.292
0.62
0.74
0.516
0.52
2.316
0.48
4.328
0.52
1.376
8.124
4.44
0.884
0.672
60
0.484
10.804
1.072
12.148
1.944
0.548
5.74
0.584
8.528
0.968
2.244
8.816
1.008
11.792
38.704
17.356
1.556
2.06
11.116
60
1.736
1.14
0.964
0.516
0.856
7.592
0.5
4.164
0.508
5.1
9.1
4.364
0.848
14.944
1.528
41
2.368
1.42
0.88
60
0.896
60
4.012
60
1.464
4.576
2.956
12
15.492
0.336
15.732
1.548
0.788
1.18
5.968
1.216
5.06
1.468
4.152
0.712
4.68
0.576
3.736
2.436
11.156
1.488
1.248
6.192
0.916
2.48
10.612
6.836
3.152
0.548
0.504
3.884
0.492
0.584
2.552
5.412
0.216
1.064
1.444
0.592
1.992
6.12
2.168
3.444
3.016
2.076
17.096
3.336
0.784
4.528
11.064
3.236
2.56
21.812
5
0.58
0.644
10.464
0.624
2.076
1.156
36.464
36.8
1.804
60
2.9
2.132
12.58
4.372
19.4
1.944
11.8
40.812
1.004
5.528
18.2
1.688
4.112
28.668
18.66
1.296
0.556
7.788
35.98
6.552
5.796
29.036
19.94
3.2
1.012
60
0.5
0
6.36
22.28
0.472
0.604
0.888
0
10.928
4.716
0.68
0.024
22.648
15.912
0.58
12.084
13.392
0.58
0.668
32.376
4.312
22.128
4.224
60
60
1.94
0.912
0.492
60
0.528
0.56
4.836
0.948
0.728
38.34
0.672
1.568
7.264
0.608
2.672
1.012
0.8
0.732
0.912
15.968
57.348
4.548
8.572
8.46
0.656
0.6
5.272
1.092
60
60
60
60
60
60
60
0.496
30.74
60
0.568
0.544
14.748
8.536
3.276
0.832
2.088
1.976
0.8
0.556
0.492
2.108
3.316
3.448
2.044
8.56
1.032
5.012
0.844
10.332
9.38
5.044
8.572
0.972
0.84
10.448
0.484
1.14
2.016
8.024
0.5
0.504
3.752
1.92
0.656
6.576
0.54
1.148
0.54
0.8
0.56
0.84
0.552
11.172
12.712
23.628
18.428
9.808
0.548
60
36.668
25.192
4.988
4.512
60
60
0.056
0.648
0.684
15.156
0.688
0.688
1.14
2.096
60
60
4.708
5.752
0.488
0.648
0.784
13.476
0.972
1.496
0.476
60
60
60
60
60
60
1.912
60
60
60
60
0.972
1.872
49.628
0.516
16.528
31.508
7.736
35.488
14.624
23.268
7.868
0.984
0.48
0.524
1.644
3.156
6.324
1.468
1.764
50.948
1.328
2.948
0.548
6.052
4.96
0.944
1.08
1.452
0.94
1.232
0.888
5.02
1.468
1.864
1.912
0.02
0.672
0.744
14.788
4.668
32.876
13.792
23.328
32.248
5.012
1.068
13.632
12.496
1.152
1.552
0.732
0.892
0.524
0.592
35.92
36.064
12.404
49.588
19.016
1.268
1.1
0.664
11.084
0.932
49.72
10.872
9.404
23.976
16.94
36.156
25.96
7.516
0.676
2.316
2.068
0.732
0.524
16.256
1.004
0.576
2.28
7.74
0.492
1.684
35.892
1.82
2.392
60
60
0.52
1.32
0.62
4.268
25.796
2.12
4.456
6.22
3.216
15.268
3.54
26.628
0.132
5.18
0.5
4.504
4.308
21.108
0.904
4.564
9.124
60
0.924
1.588
0.888
0.572
31.1
1.116
8.276
0.556
0.78
0.736
0.772
6.584
1.192
0.444
3.104
60
2.756
0.476
2.424
8.96
0.448
0.008
0.004
0.872
0.024
4.536
27.836
2.492
2.504
0.704
4.028
4.652
0.948
0.872
0.956
0.812
1.864
0.544
2.032
1.988
0.624
1.32
1.956
60
60
4.384
4.456
1.1
60
60
0.616
0.592
8.72
8.928
6.48
59.688
34.348
3.788
60
12.168
1.584
2.092
60
0.572
38.776
2.6
3.136
2.38
1.192
0
0.52
9.744
11.612
0.544
15.608
1.684
3.764
7.628
0.964
5.444
3.276
60
5.564
9.416
5.088
60
0.736
3.564
0.524
4.372
18.908
1.372
6.852
0.432
6.572
0.028
1.644
0.588
3.552
2.216
2.84
1.084
7.812
2.98
0.476
6.84
3.836
0.004
1.124
1.552
22.172
4.316
1.6
1.256
7.84
8.164
0.628
60
2.42
39.968
0.412
6.596
7.956
6.032
2.588
3.144
38.272
2.58
4.296
8.132
0.752
1.04
0.492
2.024
3.636
4.496
1.752
0.596
6.256
3.452
60
60
1.028
60
1.036
60
5.144
0.488
1.292
0.936
4.76
0.488
0.516
1.072
0.5
0.512
0.492
0.52
1.316
0.52
60
0.604
0.472
0.472
0.516
0.492
0.476
0.488
60
60
0.484
0.48
0.484
0.496
0.716
0.472
0.512
0.528
0.488
0.552
0.676
0.496
0.5
0.492
0.512
0.484
0.484
0.492
0.464
0.876
0.496
0.52
0.5
0.492
0.484
5.004
0.488
0.484
0.508
0.532
0.496
0.512
60
0.492
0.908
0.476
0.648
0.508
0.512
0.536
0.5
0.528
0.512
1.236
6.504
1.484
60
60
3.232
60
60
60
60
60
60
9.188
60
60
0.484
6.888
3.364
48.848
1.164
8.676
1.332
5.512
60
5.2
10.308
7.468
16.864
0.66
11.952
0.532
4.076
6.956
6.18
0.608
2.044
0.736
0.612
10.908
0.884
38.168
1.4
1.216
0
25.532
0.612
2.26
1.624
5.224
1.116
4.828
60
6.596
9.28
4.44
27.38
5.628
2.652
1.632
3.616
1.316
0.592
0.58
0.544
0.496
0.512
0.496
0.496
27.824
0.92
1.032
1.168
10.288
60
60
8.872
0.616
1.276
60
60
60
1.248
0.032
1.732
60
0.628
0.516
0.456
0.696
60
0.5
10.968
5.444
4.744
0.932
5.216
6.064
11.672
0.008
60
60
60
60
60
60
60
60
60
0.012
48.388
10.844
53.74
60
60
60
60
60
1.152
0.584
60
0.628
60
4.548
3.196
5.02
0.572
0.88
0.5
0.504
0.5
1.036
60
0.892
0.752
0
8.176
60
60
60
60
0.504
0
2.356
60
60
60
60
60
0.548
1.048
0.78
0
0
2.668
1.624
22.916
4.56
24.392
24.656
0.616
19.456
0
60
0
3.108
60
21.98
60
60
0
0
0
6.828
2.796
5.064
0.504
60
7.244
6.84
0.516
60
60
2.224
5.456
5.792
6.632
0.28
60
60
0.484
0.484
1.596
5.2
0.744
0.78
4.66
0.832
60
37.5
37.732
60
8.776
0.528
0.492
0.912
0.704
13.948
9.292
0.544
0.508
1.744
0.484
1.092
60
60
12.632
2.86
0.492
0.544
0.74
60
0.864
0.556
1.152
0.648
7.376
0.656
0.536
60
0.952
0.516
27.58
0.492
0.5
0.512
1.352
2.104
0.512
0.572
1.08
6.264
0.668
5.2
0.896
6.836
1.624
60
2.072
60
2.472
0.544
0.536
0.56
1.596
40.808
10.584
2.792
2.064
60
0.54
0.788
0.932
0.66
0.692
1.596
0.884
4.432
0.56
0.656
0.544
0.584
0.58
7.608
3.436
0.48
0.524
60
0.508
0.544
0.472
0.584
0.088
0.496
60
60
4.652
0.508
0.484
0.612
17.468
0.48
8.5
1.772
1.924
4.224
0.696
0.712
1.36
8.752
9.036
0.72
0.62
0.728
60
1.484
2.68
0.544
0.496
0.504
0.012
0.788
0.496
0.496
57.44
7.612
51.116
60
0.488
0.5
7.808
19.876
22.544
35.928
8.496
0
0
0
5.48
0
0.532
0.66
60
2.684
60
8.6
2.672
15.4
60
0.872
0.52
0.48
7.196
2.184
0
0
0
0
60
0
0
0
60
0.512
5.46
0
0.128
0.22
60
8.996
1.196
0.564
0.544
0.388
1.06
0.788
0.516
0.52
1.568
0.496
9.888
0.012
2.032
15.852
3.38
0.784
2.852
0.496
0.504
1.992
4.428
15.904
2.84
1.736
0.572
60
0.5
60
4.04
0.604
1.864
10.308
60
0.536
0.5
0.844
0.528
4.612
60
0.38
0.504
8.652
1.44
2.32
16.02
15.552
60
60
0.496
1.228
25.508
1.356
1.748
0.544
1.32
0.7
1.884
0.792
0.488
0.528
4.652
56.16
0
0
0
0
0
0
0.492
60
9.94
0.656
0.516
0.472
60
23.088
1.928
60
3.344
0.928
6.916
0.716
2.288
2.716
0.028
0.508
0.548
0.876
0.648
12.984
4.412
0.676
1.836
10.896
20.804
0.9
0.96
2.756
4.612
2.004
0
0
5.384
2.044
4.748
60
60
4.564
1.384
2.204
2.5
0.604
0.616
0
0
60
60
60
60
0.716
0.136
3.752
2.116
2.684
23.796
10.648
60
3.92
0.488
0
0
1.212
0.792
0.692
0.564
0.492
0.98
1.468
4.9
60
8.448
4.34
3.58
0.44
6.288
4.644
2.58
0.528
0.528
0.496
0.508
0.52
60
3.852
28.184
26.384
26.112
3.44
60
59.84
0.524
6.896
1.52
0.5
0.804
60
0.508
0.548
0.588
60
0.488
0.664
0.488
0.544
1.944
0.608
0.5
0.496
1.652
0.472
22.052
2.572
5.672
60
0.476
0.492
0.888
60
60
0
1.8
13.944
8.06
10.856
0.56
58.868
59.876
17.772
34.996
1.612
60
60
0.896
60
11.088
18.824
0.508
0.52
0.516
23.992
0.58
0.512
0.716
0.56
0.644
3.06
17.24
60
60
60
60
60
60
60
60
60
60
60
60
60
60
60
60
60
60
60
60
60
60
60
60
60
60
60
60
60
60
60
1.18
0.908
3.304
1.732
60
60
60
60
60
60
60
60
4.768
1.916
1.54
2.532
51.412
52.912
60
0.524
0.452
0
0.544
0
0
0
0.492
13.984
1.192
0.612
0.412
1.928
3.488
0.54
0.588
0.64
5.724
1.588
1.124
2.616
2.516
0.716
0.628
0.492
0.176
0.768
1.024
60
1.428
2.36
1.392
8.964
0.596
1.1
3.876
2.268
0.608
60
0.008
5.928
52.196
10.276
60
60
28.564
28.78
3.548
1.588
0.568
0.692
59.412
58.98
60
60
2.54
3.228
2.712
2.024
0.552
60
0.844
8.796
0.612
60
0.548
14.38
37.924
7.948
0.5
60
0.912
1.12
0.536
0.676
0.62
60
60
2.164
4.548
60
60
1.588
0.528
25.264
16.696
1.7
0.584
10.876
1.936
0.548
1.06
0.5
9.86
0.708
0.732
2.668
5.064
4.572
0.492
1.636
0.496
0.504
60
1.06
1.448
2.688
0.484
0.464
0.48
1.18
4
60
5.904
24.348
9.664
60
0.52
1.128
7.552
0.864
7.532
2.36
1.18
60
0.512
1.564
5.396
6.984
6.032
20.056
2.504
1.2
0.548
37.74
3.496
0.676
0.96
1.364
0.524
0.492
0.504
10.528
1.46
2.944
60
2.228
1.128
1.572
18.304
0.7
0.928
0.524
5.188
0.932
24.828
4.912
0.444
4.356
3.208
3.008
0.044
48.588
48.796
0.44
25.692
0.692
0.396
0.816
0
5.128
3.448
13.32
2.536
2.48
0.924
8.752
60
2.42
2.988
60
60
2
2.436
2.016
5.82
60
2.576
2.748
9.716
5.992
0.528
