\begin{filecontents}{q4-matrix.dat}
0.476
0.484
0.516
0.52
0.48
0.592
0.528
0.56
0.548
60
0.52
0.488
0.488
0.516
0.5
0.512
0.492
0.52
0.52
0.472
0.472
0.516
0.492
0.476
0.488
0.484
0.48
0.484
0.496
0.472
0.512
0.528
0.488
0.496
0.5
0.512
0.484
0.484
0.492
0.464
0.496
0.52
0.5
0.492
0.484
0.488
0.484
0.508
0.496
0.512
0.492
0.476
0.508
0.512
0.536
0.5
0.528
0.512
60
0.516
0.456
0.5
0.484
0.5
0.508
0.48
0.496
0.496
0.488
0.5
0.496
0.496
0.504
0.504
0.488
0.516
0.472
60
6.916
0.488
0.5
0.508
60
0.476
0.492
0.508
0.52
0.516
0.58
0.512
59.412
60
0.5
60
0.496
0.52
0.492
0.528
\end{filecontents}