\begin{filecontents}{q22-matrix.dat}
60
36.464
36.8
12.58
29.036
19.94
0
0
0.024
22.648
60
38.34
60
0.492
2.044
60
60
0.648
0.688
60
60
60
60
60
60
60
60
6.324
60
59.688
38.776
0
0.544
5.564
9.416
5.088
0.004
60
6.504
1.484
0.884
38.168
0
25.532
5.224
27.38
27.824
60
4.548
0
0
60
60
1.048
0.78
0
0
24.656
19.456
0
60
0
0
0
0
5.064
60
60
37.5
37.732
0.512
0.932
0.524
0.012
8.496
0
0
0
0
0
0
0
0
0
0
0
0
0.128
0.22
60
1.356
0
0
0
0
0
0
23.088
10.896
4.612
2.004
0
0
60
60
2.204
2.5
0.604
0.616
0
0
60
60
60
60
0
0
4.9
60
2.58
0.508
28.184
26.384
26.112
60
59.84
6.896
0.888
60
0
60
60
0
0
0
0
2.616
1.428
0.008
60
28.564
28.78
14.38
37.924
60
60
60
37.74
48.588
48.796
0
60
\end{filecontents}