\begin{filecontents}{q1-ours.dat}
0.220725
11.1344
8.4237
3.3449
0.069865
0.035323
0.40121
0.263641
0.236711
0.53875
0.013306
8.49335
0.958687
5.13523
0.019255
8.29472
1.08436
2.39867
0.00022
0.694267
2.14665
3.5745
0.322892
1.23277
9.19307
0.10282
0.020645
11.3983
3.96662
8.18663
0.01942
6.59085
0.231709
7.6073
0.147546
0.131274
0.114475
15.0677
0.160238
7.78118
1.51425
0.905834
0.937527
4.25864
0.435602
0.000224
0.359552
0.358592
0.21302
0.383914
8.31795
0.564277
0.319704
5.38619
0.455121
5.65032
0.191541
1.55851
8.52659
2.63151
0.002018
0.02202
0.0002
0.000161
3.33096
0.284786
0.448673
7.15189
0.389757
2.8047
1.40958
0.202248
0.030886
1.48385
3.77775
1.36391
0.006591
0.000225
0.001543
0.000164
0.000161
0.000157
0.428399
0.000985
0.176835
1.98769
1.77555
2.94862
10.0675
0.025041
1.11373
5.80252
0.06984
24.7036
1.91935
7.03603
0.255262
5.20935
0.047476
7.91825
2.9211
3.48852
0.205013
29.0363
0.021588
0.17694
0.001734
0.000171
11.6052
18.6921
0.1622
0.004636
0.445239
0.204957
0.000185
1.70397
0.009091
15.0909
16.4175
0.41788
4.35826
4.2434
28.366
1.86774
0.122264
11.1912
0.375304
2.01963
0.140024
5.92456
3.14929
0.565472
0.017374
0.038545
1.01217
0.604615
8.84399
9.01601
4.53448
0.683287
0.004542
7.25098
8.76024
5.81525
0.186071
0.499521
0.08367
11.7769
0.777018
0.121599
8.93347
0.036658
0.26293
0.297691
10.4954
0.090977
0.000166
0.248084
0.550702
11.1508
29.8311
9.34544
0.004897
3.04569
8.76847
0.358375
9.12677
2.32594
5.24875
0.36297
0.003253
0.002935
2.13495
0.367202
0.055643
0.159467
1.46299
0.480846
0.004403
0.311955
5.93063
0.183947
13.4555
9.01449
8.86304
2.01717
0.000242
12.3688
12.1355
10.3112
5.26883
10.3813
11.0253
0.000223
1.95976
11.5072
12.3301
0.706904
11.7097
8.88264
11.787
0.56405
0.222175
9.89999
12.3274
0.00368
8.94718
0.000224
9.13236
9.1363
5.78136
9.29935
28.9083
8.32313
0.000196
2.85736
0.040505
9.27842
8.19429
0.770729
0.175602
0.384724
0.001216
0.006325
29.5473
9.14469
8.92226
8.1318
0.135143
29.6739
0.037102
0.832709
0.63917
0.961116
9.87072
1.5834
7.70056
3.987
0.08414
0.103202
0.09909
0.288539
0.030179
9.90321
0.128906
11.8631
1.3776
0.024039
1.26024
0.101968
1.25315
3.57689
0.002288
6.04789
6.0872
3.57322
2.2304
35.8399
2.08679
0.197256
0.155646
0.069985
0.358362
0.248175
0.038442
0.069383
0.022615
2.71887
1.25902
0.26096
4.51963
2.70813
0.011057
6.04098
2.54201
0.427394
0.055583
1.09485
3.98075
0.783606
0.026548
6.21942
0.023037
0.3051
3.1275
0.115676
3.89719
7.64877
0.060772
0.014554
0.242983
0.117576
0.571701
0.116643
1.06931
0.00254
1.05492
4.69189
0.051192
0.856325
0.017989
1.15938
0.708626
2.11158
0.00022
1.80956
1.01158
3.53147
2.35407
1.23862
3.62662
0.11449
0.061953
0.090448
0.00283
0.001792
0.001389
0.002523
0.000656
0.281344
0.006704
0.154016
0.258917
0.000175
8.36181
12.4513
0.109241
0.035078
25.6099
0.014858
0.733993
0.00316
0.014992
1.01739
28.5478
2.98029
0.043618
7.1139
0.093019
0.10833
2.12294
0.331581
0.045194
2.14609
2.13934
0.549634
0.000602
0.001033
3.6394
0.36761
12.1101
0.157103
0.759494
0.161501
0.280204
0.589752
0.035575
3.60564
0.08664
0.001433
0.081407
0.014191
3.93883
1.99675
0.000767
0.004611
0.081258
0.023116
0.355651
0.109538
0.000587
0.504806
0.032641
0.014035
0.268007
0.01124
1.10456
1.48929
0.03602
8.08466
0.392221
0.043655
0.044153
0.275365
0.134066
0.608235
0.251553
1.20837
0.029434
12.5821
0.001398
11.2684
0.300235
2.99278
0.011839
0.008999
0.023033
0.003462
0.001139
7.21388
0.050948
1.68064
5.07082
0.03787
0.035383
9.39381
7.12287
0.171355
3.00829
0.055891
0.03035
1.28484
0.010253
0.02184
0.017769
0.001742
0.758509
8.89216
0.009627
0.174102
0.963488
0.086887
0.000203
0.004728
0.001315
0.000695
0.090241
4.32021
1.67088
0.876106
0.152364
0.101366
0.140961
0.963394
0.014158
0.450647
0.001983
0.085134
3.67517
0.000464
0.002472
0.248298
0.233185
0.869578
3.46586
0.002862
0.00825
0.293705
0.323868
9.92572
1.22486
0.381016
2.85469
0.039097
7.24675
1.96255
8.28837
0.019939
0.023226
0.146596
0.009975
0.030826
0.117603
0.979841
9.22545
2.90491
0.015316
2.49939
0.111878
0.969393
0.491187
1.67543
0.291799
0.006024
1.15628
0.024562
0.16383
0.003034
0.01484
1.24349
0.523316
0.49385
0.194944
0.046576
0.040057
5.07597
0.007698
0.023654
0.130815
0.888436
0.001819
0.009022
0.071279
0.43355
0.058594
0.590322
0.013089
0.001158
28.4876
0.032981
0.000172
0.570675
0.942654
0.296362
0.43311
0.373658
0.972498
0.005439
0.23447
0.063247
0.008672
0.308779
0.474857
2.53161
0.235735
0.170799
1.12639
0.030328
8.99543
0.082896
0.005511
0.009799
0.119246
1.17789
0.197626
1.16574
0.021946
0.597482
5.01252
0.209729
3.26976
0.543455
1.01398
1.46266
2.05279
3.08273
1.08414
\end{filecontents}