\begin{filecontents}{q3-ours.dat}
0.812965
0.042658
0.082503
4.34822
2.49446
2.31237
6.773
9.67445
4.18494
0.035988
4.19514
0.025096
0.055515
4.29825
0.107684
0.015082
7.59212
5.05673
4.67093
1.2472
5.91234
5.37935
0.118038
0.440303
0.543421
0.57236
1.27602
6.55718
0.840358
0.754724
0.010793
1.91637
0.077591
0.311514
0.003185
0.051553
0.339299
3.98872
0.007043
0.542634
0.161408
12.7996
1.02474
1.91352
0.142676
3.67259
0.067289
3.57877
4.19125
0.350584
0.752767
0.03713
0.639689
0.252956
0.093798
4.00029
0.025439
0.612222
0.646314
0.308912
0.177032
0.315471
0.610821
0.037648
1.24486
0.771715
2.4452
0.985405
0.205394
0.688932
0.163123
0.110977
1.57418
7.64604
3.27792
0.000575
0.110113
0.631071
0.061848
0.681867
0.00242
0.447609
0.178762
0.174635
0.081436
0.004186
0.090453
0.252439
0.103617
0.135122
0.449556
0.450054
6.78626
1.67711
0.022852
0.006715
0.345945
0.708099
0.651158
0.107061
0.004985
5.65305
2.73218
0.234858
0.025943
0.00368
0.028764
0.01753
1.03826
\end{filecontents}