\begin{filecontents}{q2-ours.dat}
0.000193
4.63715
0.103667
0.172992
0.015114
0.001898
0.023865
6.72092
0.028754
0.812686
0.536365
2.11343
0.101107
0.090086
0.110915
0.450022
0.002276
0.009821
0.000471
0.00014
1.67369
0.199343
0.116313
15.059
0.029351
0.121942
0.003718
0.005908
0.017809
0.001377
0.11941
0.005901
2.58595
0.0002
0.093996
3.00938
0.612608
0.611839
4.77118
3.48722
0.024465
0.770268
2.56703
0.059866
0.001008
0.021505
0.739903
0.007209
0.299763
0.000813
0.720357
0.307836
0.099412
5.05661
0.016246
0.286159
0.133876
0.131388
0.086816
0.026527
0.003626
0.055669
1.02868
0.013127
0.333024
0.017683
0.117473
0.309563
0.098324
0.002295
0.000989
0.098204
0.037636
0.045138
0.142491
2.4378
5.14688
0.500324
0.034185
0.089227
0.705389
10.7854
1.87185
0.001815
0.429522
9.64066
0.000195
0.01069
3.92899
0.000194
0.020542
0.89156
0.004233
0.002627
0.004973
3.98703
0.278773
8.94621
2.49412
0.152822
0.066406
0.012757
0.078255
0.036889
0.016591
0.011975
0.348483
0.572098
0.004311
0.018982
0.000337
3.86748
0.001409
0.00351
0.621647
0.051176
0.542379
0.008243
0.666246
0.018332
0.000781
0.017784
0.025657
0.358332
0.264382
0.737686
0.00187
0.028063
0.002682
0.009487
0.001841
0.01688
0.00188
1.16223
5.2795
7.58869
6.55423
0.020184
3.2766
0.000576
11.1948
0.044385
0.00079
0.012983
10.2085
0.056473
0.093728
0.037939
0.036881
0.065189
0.035112
0.042321
0.024405
0.013257
0.001301
0.002651
3.693
0.440215
0.016221
4.18469
1.26175
4.26884
4.84822
4.19409
0.125369
0.460818
0.083256
0.929229
0.057273
0.446302
0.000222
0.002914
0.449811
0.329502
7.77678
0.217692
0.128445
0.339075
0.000519999
4.41567
0.027217
0.023097
0.003442
3.66491
0.0162
0.000198
0.004947
0.1059
0.090604
0.0005
0.207288
0.75796
0.084537
0.004346
0.014321
0.025967
0.012357
0.162286
0.007571
0.066904
0.058482
0.053857
0.153198
15.0975
0.026929
0.006683
1.5155
0.686332
5.93889
0.027358
0.001987
1.91038
0.242763
2.29363
0.037963
0.041927
0.252469
0.031596
0.002692
0.54172
0.00631
0.012918
0.000163
0.170933
0.040687
0.019392
0.015307
0.034368
0.007271
0.015389
0.005405
0.012632
0.002622
0.02838
0.007772
0.010727
0.021623
0.514543
3.99962
0.025457
0.639051
0.037022
0.35067
0.64677
0.308902
1.91602
0.002333
1.02285
0.39734
0.011771
0.06995
0.494556
0.040201
0.644104
2.50054
0.071296
0.005979
0.014869
0.046052
0.441735
0.828839
0.222078
12.8183
0.000194
0.046889
0.021772
0.001422
2.58383
12.9358
0.193636
0.006543
0.001928
0.000529
2.10286
0.01265
0.232122
0.007217
0.006497
3.75074
0.001986
0.331256
0.251734
0.011058
0.10238
0.00248
0.000939
0.002304
0.046672
6.31188
1.21741
0.162285
0.148003
0.041065
0.006294
0.017818
0.014524
0.109503
0.003847
0.003694
0.015534
0.003856
0.000173
0.000142
0.007145
0.006786
31.7122
8.29098
0.001486
0.034994
4.31186
3.97926
4.28303
0.0814
1.79787
0.448461
0.452762
0.01407
0.062072
0.450045
0.147079
0.042308
0.047019
0.001455
0.000362
0.000424
0.017091
0.683018
0.03031
3.18132
0.000167
0.084653
0.015901
0.085573
0.016942
0.548462
0.451397
0.022869
0.174683
0.081478
0.178671
0.005062
0.430434
4.4494
0.284733
0.031295
0.009756
0.007691
0.002755
0.00121
0.128759
0.252854
0.000168
0.000143
0.000665
0.011461
0.002224
0.000219
0.028818
0.000188
0.000501999
0.00135
0.049681
0.986539
0.573495
1.7745
1.67792
0.00144
0.003123
5.87759
0.043287
0.122993
0.033947
0.684127
0.281521
0.119316
7.43409
7.4824
0.00076
0.000142
0.000659
0.902792
0.237922
0.000188
0.000322
11.2498
0.000196
0.003465
0.010957
0.08918
0.037324
1.05394
0.002339
0.012978
0.230018
0.058497
0.449131
0.448477
0.072726
0.100764
0.330148
0.003924
0.00899
0.055819
0.063876
0.44045
0.021438
0.00175
0.078929
0.000181
0.000328
0.018332
0.333537
0.021726
0.000179
0.171714
0.23493
0.166333
0.001954
0.155993
2.24636
1.26867
0.014275
0.023978
0.339009
0.134101
0.213347
0.017602
0.123905
2.73515
0.067315
0.545115
0.134843
0.148239
\end{filecontents}