\begin{filecontents}{q22-ours.dat}
8.819
13.6591
1.1245
15.0606
0.000666
7.72598
0.038898
0.021126
0.005122
5.08532
3.48375
0.494306
0.23486
0.003884
1.10505
1.13955
15.0531
0.225937
16.3758
1.22057
0.00084
0.049559
1.72311
11.603
0.090944
0.33276
0.001296
0.001303
0.001294
0.001306
0.001596
0.00135
0.001205
0.001132
3.34735
15.1533
0.01406
9.15494
2.09328
9.41051
0.066307
0.898556
5.75814
0.681043
0.000223
0.000425
0.002566
60
0.000159
0.004059
0.003722
0.004553
3.83827
0.000175
0.003915
1.10736
8.36812
0.021085
0.56447
37.0179
2.84082
0.000178
0.000172
4.53553
4.62945
0.011239
0.009994
0.000438
0.000428
4.35466
1.37027
0.000384
0.086253
0.000178
0.00033
0.000157
0.001864
0.000157
1.10925
0.000472
0.000386
0.765958
0.088668
11.2459
0.003302
0.113822
6.56344
0.016295
0.009345
0.573095
0.000431
0.000159
0.00014
0.00046
0.000326
0.000379
0.00032
0.000468
0.000153
0.000312
0.000382
0.000338
0.00037
0.000155
0.000544
0.56929
0.993821
0.0002
6.76416
0.010019
0.001731
0.015511
0.002697
0.002405
0.00237
0.002235
0.646356
2.8543
24.7818
0.170523
0.080114
0.000141
0.000135
0.001899
0.001513
0.08694
0.103798
0.001123
0.000957
0.001143
0.000506
0.001229
0.001044
0.003155
0.000672
15.1175
0.000167
0.000352
0.397085
2.46133
0.963395
0.000998
0.925688
0.109212
0.061679
2.35414
6.80295
2.94773
2.11796
6.77774
0.000623
0.000482
0.000691
0.211956
0.145577
0.000165
0.000164
0.000197
0.000164
0.000153
7.15178
0.450111
0.358316
0.001403
8.99161
4.35644
4.18135
0.005872
0.00749
0.024056
0.075878
0.001995
52.3121
51.5828
9.76323
0.005192
0.02583
0.000576
0.001748
0.004906
0.399688
0.441827
9.58804
0.000349
\end{filecontents}