\begin{filecontents}{q4-ours.dat}
0.0002
0.0005
0.000461
0.000743
0.000439
0.003959
0.002015
0.00308
0.002774
0.455999
0.001955
0.000559
0.000506
0.00037
0.000616
0.00047
0.000432
0.000362
0.000623
0.000469
0.000362
0.000458
0.000544
0.000445
0.000346
0.000565
0.000416
0.000444
0.000597
0.000513
0.000461
0.000358
0.000445
0.000646
0.000471
0.000605
0.000462
0.000359
0.000443
0.000533
0.000425
0.000495
0.000412
0.000401
0.00047
0.000444
0.000452
0.000429
0.000534
0.000354
0.000441
0.000521
0.000659
0.000485
0.000534
0.000363
0.000408
0.000448
2.46518
0.000647
0.00047
0.000483
0.000458
0.000596
0.000438
0.000669
0.000642
0.000138
0.000605
0.000445
0.000405
0.000678
0.000447
0.000185
0.000688
0.000607
0.000565
2.45205
0.399006
0.000454
0.000569
0.000423
2.44387
0.000359
0.000596
0.00065
0.000465
0.000138
0.002862
0.000679
42.0806
0.457084
0.45512
0.000365
0.448065
0.000856
0.000461
0.000517
0.000526
\end{filecontents}