\begin{filecontents}{q6-ours.dat}
0.065286
0.41638
0.894829
0.138376
2.98634
1.60183
1.05599
3.61217
0.248029
2.57351
0.663098
0.254148
0.021483
0.000221
0.531688
0.005321
0.291304
0.720545
12.0037
0.004273
25.428
7.26106
33.0232
0.042234
0.901415
0.012969
0.028945
0.071481
0.014173
8.39198
0.004059
0.171746
0.186638
0.854903
0.007838
0.000827
0.053232
0.183337
0.336609
0.339826
4.46516
0.10847
0.053913
0.301488
0.754109
0.079455
0.00197
2.20379
0.100772
18.1545
0.001055
0.210775
0.001497
0.284857
\end{filecontents}