\begin{filecontents}{q5-ours.dat}
0.002619
0.002725
0.001511
0.001323
0.000774
0.00393
0.000677
0.001913
0.000636
0.002281
0.001578
0.001776
0.002265
0.001883
0.000415
0.002063
0.001521
0.001781
0.000442
0.001703
0.001527
0.002353
0.002136
0.000778
0.000957
0.000968
0.000534
0.002693
0.000521
0.00082
0.000736
0.000654
0.000672
0.000685
0.000645
0.000707
0.00074
0.000886
0.000804
0.000837
0.000774
0.000794
0.00078
0.000525
0.000443
0.000765
0.001522
0.000659
0.000578
0.000553
0.000954
0.000484
0.000792
0.000655
0.000443
0.00053
0.000562
0.000817
0.000543
0.00055
0.0009
0.00149
0.000882
0.000667
0.000976
0.000709
0.000686
0.000546
0.001224
0.004078
0.000764
0.00108
0.000721
0.000804
0.000674
0.000536
0.000573
0.000889
0.00072
0.000747
0.000611
0.000681
0.000536
0.000655
0.00056
0.000634
0.005035
0.00069
0.000572
0.000588
0.000519
0.000601
0.261495
0.000492
0.398599
\end{filecontents}