\begin{filecontents}{q4-ring.dat}
0.000289
0.000831
0.000673
0.000883
0.00061
0.004655
0.001966
0.002768
0.003724
0.344301
0.002098
0.000669
0.00063
0.000417
0.00068
0.000456
0.000373
0.000374
0.00069
0.000473
0.000396
0.000428
0.000526
0.000391
0.0003
0.000509
0.000376
0.000421
0.000591
0.000497
0.000425
0.000313
0.000394
0.000613
0.000428
0.00051
0.000379
0.000313
0.000359
0.000506
0.00042
0.00045
0.000363
0.000393
0.000395
0.000374
0.000377
0.0004
0.000475
0.000332
0.000367
0.000518
0.000697
0.000482
0.00049
0.000318
0.000332
0.00037
1.81997
0.00108
0.000568
0.000761
0.000608
0.000666
0.000532
0.00103
0.000889
0.000147
0.000986
0.00049
0.000512
0.000809
0.000464
0.00022
0.000839
0.000823
0.000662
1.78789
0.270208
0.000595
0.000808
0.00055
1.79501
0.000418
0.000752
0.000791
0.000509
0.000147
0.003727
0.000719
0.340639
0.311973
0.000544
0.34319
0.001153
0.000584
0.000947
0.000812
\end{filecontents}