\begin{filecontents}{q1-ring.dat}
0.195131
1.41262
0.065399
0.03224
0.206476
0.168904
0.12273
0.283255
0.017624
4.13221
0.489405
2.25106
0.017218
3.71254
0.549895
1.16052
0.436081
1.1091
1.63166
0.20586
0.634079
0.081712
0.015944
1.86409
0.017039
3.65658
0.123942
4.02147
0.089735
0.09527
0.079813
0.142851
4.0932
0.912862
0.568088
0.515043
2.07135
0.249056
0.224699
0.195211
0.110032
0.237536
0.351012
0.174989
2.2463
0.2428
2.12578
0.125053
0.749059
1.14645
0.002
0.016666
1.50984
0.163689
0.274918
0.233447
1.21177
0.674226
0.135564
0.026026
0.799131
1.94436
0.730841
0.006927
0.262438
0.000896
0.118814
0.859633
0.836142
1.76858
0.021587
0.646675
2.94172
0.064069
0.937591
3.20762
0.153931
1.95141
0.036464
1.73356
1.37532
0.127526
0.024398
0.125786
0.001495
6.33343
0.105686
0.004543
0.223771
0.112753
0.853983
0.008287
0.243346
2.21269
2.12911
0.931487
0.083262
0.167525
1.05433
0.104749
2.84898
1.42024
0.299894
0.017788
0.033581
0.554855
0.313497
4.413
2.48446
0.433279
0.003427
0.113512
0.254257
0.06275
0.421129
0.087769
0.027856
0.15029
0.201785
0.071762
0.177378
0.301866
4.49422
0.004997
1.50729
3.99332
0.247935
4.41434
1.31573
2.71043
0.237224
0.002929
0.002372
0.805055
0.217729
0.045065
0.118257
0.703513
0.267811
0.003985
0.148528
2.7613
0.131828
4.24847
1.02001
2.7429
4.78432
0.976347
0.417457
0.285171
0.153156
0.00395
4.25853
4.21119
4.30046
3.76103
1.23852
0.03427
4.3559
3.9528
0.528668
0.081615
0.218701
0.000961
0.006708
4.28887
0.089833
0.03172
0.436169
0.416211
0.500804
0.760026
1.80975
0.063071
0.075144
0.064049
0.175808
0.025228
0.111229
0.658366
0.021144
0.681404
0.071947
0.546531
1.95956
0.002133
2.95925
3.01111
1.50807
0.969478
17.6047
0.86111
0.153546
0.108922
0.05228
0.21694
0.156993
0.02918
0.059419
0.025142
1.20172
0.62934
0.195613
2.24608
1.19062
0.011618
3.36445
1.16326
0.259806
0.040196
0.546
2.47418
0.434971
0.024238
0.019821
0.219564
1.36156
0.059175
1.7429
4.56691
0.037039
0.011399
0.148388
0.087219
0.390799
0.081171
0.627869
0.0021
0.567225
2.41064
0.032884
0.463362
0.0146
0.5775
0.366939
1.00724
0.964783
0.502711
1.44854
0.933908
0.544179
1.42223
0.080582
0.044469
0.052916
0.002809
0.001638
0.001233
0.002423
0.000623
0.166641
0.006953
0.109911
0.15914
5.1634
7.7611
0.090322
0.027054
0.013648
0.367804
0.00345
0.014878
0.450206
1.23567
0.037965
0.065813
0.073023
1.1154
0.208267
0.035253
0.945887
0.920781
0.282479
0.000865
0.00109
2.00982
0.242516
0.098809
0.418474
0.10842
0.215133
0.291379
0.029158
1.95216
0.046262
0.00209
0.06253
0.015717
2.01677
0.875628
0.000836
0.003766
0.052691
0.021375
0.254382
0.079021
0.000658
0.26877
0.026073
0.011895
0.141806
0.009051
0.46973
0.888626
0.028986
0.416327
0.032786
0.034788
0.220441
0.107102
0.417035
0.132995
0.631579
0.026504
0.001599
0.212874
1.44059
0.012432
0.008928
0.020116
0.003553
0.001078
0.043077
0.821321
2.19752
0.027539
0.020038
0.081332
1.32387
0.031829
0.025431
0.749118
0.012134
0.021114
0.015847
0.001778
0.434973
0.007874
0.123466
0.584151
0.059384
0.004177
0.001112
0.000676
0.06672
2.37722
0.749644
0.580004
0.097321
0.069511
0.10482
0.496542
0.012385
0.25562
0.001553
0.063724
1.72385
0.000444
0.002861
0.160114
0.126246
0.40822
1.86259
0.003259
0.009151
0.169434
0.18336
0.580995
0.192067
1.27719
0.042141
3.02781
0.933289
0.018413
0.019212
0.096501
0.009556
0.024107
0.079525
0.48069
4.15954
1.40421
0.01279
2.00737
0.083943
0.559266
0.433992
0.938672
0.18206
0.00615
0.598513
0.022546
0.113964
0.003309
0.011126
0.571901
0.280391
0.268176
0.12505
0.039208
0.037892
3.67941
0.006474
0.014671
0.10026
0.463919
0.001715
0.006941
0.05321
0.478353
0.066127
0.488211
0.013234
0.001379
0.036593
0.364285
0.508886
0.207632
0.223919
0.242163
0.647019
0.005094
0.136822
0.051402
0.004869
0.210552
0.229039
1.21972
0.144423
0.112514
0.641381
0.023304
0.108992
0.01002
0.015146
0.100341
0.509429
0.122055
0.572531
0.014073
0.273373
2.5831
0.126774
1.47294
0.301281
0.532203
0.625695
0.99259
1.21079
0.560809
\end{filecontents}