\begin{filecontents}{q2-ring.dat}
0.000216
2.91243
0.148727
0.211148
0.014907
0.001982
0.021724
0.025348
0.506199
0.701447
1.32475
0.073518
0.072595
0.094228
0.304628
0.002137
0.010341
0.000485
0.000147
0.871705
0.14352
0.080164
0.052072
0.187062
0.005507
0.00916
0.031004
0.001613
0.095735
0.005369
1.87782
0.000199
0.073687
1.64184
0.353973
0.462504
2.71603
2.02277
0.020526
0.852082
2.12131
0.052488
0.001064
0.020142
0.444456
0.007381
0.207419
0.000964
0.432085
0.182893
0.076448
2.96077
0.013124
0.194293
0.076431
0.087412
0.068687
0.023626
0.003969
0.045034
0.573697
0.011361
0.22491
0.015589
0.076406
0.197648
0.075902
0.002703
0.000903
0.068511
0.032319
0.037687
0.103068
1.57641
2.85348
0.309589
0.027839
0.054583
0.367091
1.22185
0.00186
0.481201
6.07325
0.000234
0.012597
1.90469
0.000238
0.019946
0.563611
0.004841
0.002896
0.005312
2.59273
0.196956
1.20671
0.118984
0.05161
0.012723
0.061205
0.029518
0.013888
0.010236
0.237446
0.388813
0.004304
0.016715
0.000356
2.23399
0.001522
0.003469
0.52296
0.052518
0.319787
0.007473
0.466668
0.017171
0.000979
0.019146
0.026365
0.270987
0.158004
0.453476
0.001877
0.024228
0.002703
0.008915
0.001614
0.014818
0.001846
0.740835
2.32637
5.08697
4.04893
0.016477
1.55447
0.000692
0.038504
0.000931
0.01167
6.25388
0.035287
0.07153
0.024619
0.026435
0.039882
0.026
0.028838
0.018682
0.012248
0.001181
0.002253
1.70019
0.251457
0.014743
2.22359
0.867399
2.14506
2.43837
2.1491
0.087483
0.26777
0.056702
0.614728
0.045081
0.266009
0.000217
0.003632
0.307476
0.21808
0.17135
0.082857
0.227853
0.000532
2.08083
0.026483
0.020695
0.004296
1.9295
0.017332
0.000206
0.004901
0.075346
0.07906
0.000522
0.124641
0.535071
0.062467
0.004159
0.014174
0.021851
0.011355
0.095801
0.007638
0.05755
0.046862
0.045305
0.110742
0.02198
0.006849
0.81351
0.565559
3.23693
0.026635
0.001866
1.08915
0.154156
1.23944
0.033152
0.034192
0.194309
0.030798
0.003191
0.428928
0.006098
0.011069
0.000164
0.112909
0.036194
0.016606
0.013264
0.029004
0.006661
0.013296
0.004994
0.010375
0.002781
0.021725
0.006979
0.009947
0.021776
0.311763
2.58566
0.02339
0.445778
0.03508
0.247164
0.424598
0.207776
1.1536
0.002429
0.61666
0.230438
0.010164
0.041627
0.303356
0.03515
0.449214
1.8126
0.057757
0.009519
0.023658
0.038226
0.278015
0.443341
0.144707
0.000253
0.045339
0.023649
0.00131
1.67768
0.163088
0.006358
0.001993
0.000575
1.14152
0.011686
0.15477
0.00763
0.005584
2.37022
0.00225
0.494075
0.250518
0.009952
0.09428
0.002516
0.000853
0.002133
0.042685
3.56974
0.709928
0.112844
0.110844
0.037794
0.006403
0.015173
0.01416
0.091454
0.004618
0.003929
0.015226
0.006524
0.000228
0.000171
0.006738
0.006337
0.001928
0.028111
2.08119
1.883
2.05902
0.066331
0.885329
0.260009
0.255735
0.013035
0.048574
0.248465
0.094361
0.032989
0.03941
0.001519
0.000438
0.000424
0.018741
0.420896
0.024316
1.96085
0.000223
0.059474
0.013324
0.065852
0.018838
0.364809
0.230367
0.026227
0.119191
0.058657
0.110723
0.006873
0.280764
2.19303
0.354242
0.034116
0.011859
0.009483
0.003032
0.00126
0.08181
0.162117
0.000254
0.000148
0.000626
0.010617
0.002513
0.000206
0.024396
0.000201
0.000491
0.001505
0.038886
0.71648
0.415845
1.0749
0.934659
0.001295
0.002994
3.13488
0.034277
0.089892
0.027604
0.38345
0.187683
0.091422
4.8142
4.57109
0.000957
0.000141
0.000648
0.683799
0.164506
0.000206
0.000337
0.000253
0.004442
0.012533
0.080555
0.034565
0.59624
0.00248
0.01316
0.197937
0.052177
0.303089
0.301128
0.057933
0.078359
0.223069
0.005139
0.010791
0.062072
0.061805
0.319198
0.022848
0.002034
0.06059
0.000207
0.000184
0.020858
0.300694
0.021523
0.000207
0.123798
0.133355
0.128826
0.003065
0.238085
1.8904
0.685931
0.013368
0.019875
0.201375
0.086666
0.152231
0.028876
0.095202
1.26626
0.051897
0.287526
0.086313
0.108025
\end{filecontents}