\begin{filecontents}{q3-ring.dat}
0.491087
0.032662
0.06916
2.14339
1.31877
1.46188
5.65607
2.01166
0.031282
2.02978
0.026099
0.041973
2.2614
0.075663
0.013577
4.69255
3.09602
3.49423
1.12061
3.26278
2.71046
0.080604
0.309483
0.31652
0.342088
0.867956
4.05467
0.530305
0.477329
0.011352
1.13392
0.063648
0.195192
0.003234
0.044689
0.228924
2.5558
0.006942
0.368333
0.103692
0.814705
1.10529
0.103124
2.06181
0.054724
1.66337
2.14668
0.270455
0.481311
0.031698
0.413204
0.150414
0.073214
2.66194
0.022776
0.416737
0.428379
0.206794
0.129827
0.231041
0.357053
0.032593
0.719586
0.505251
1.47922
0.611039
0.144353
0.454438
0.128902
0.088343
1.01807
5.27144
1.61025
0.000699
0.084821
0.415457
0.047362
0.471844
0.003072
0.298515
0.129871
0.117322
0.057782
0.003358
0.09037
0.16902
0.070369
0.088965
0.314615
0.305144
3.94195
0.97488
0.020975
0.009572
0.485214
0.797185
0.420058
0.091635
0.006317
2.93345
1.33762
0.136374
0.022529
0.00372
0.017543
0.027223
0.539284
\end{filecontents}