\begin{filecontents}{q22-ring-pos.dat}
0.393858
0.012997
0.00874
0.004161
2.06064
0.591685
0.198979
0.103441
0.002059
0.322232
0.353832
0.088008
0.432909
0.000376
0.016111
0.729477
4.41492
0.031824
0.096824
0.000428
0.00043
0.000432
0.000435
0.000801
0.000495
0.000669
0.000473
0.827635
0.007698
1.57049
0.391234
2.86349
0.032709
0.227522
1.20705
0.162055
0.011076
30.6213
0.004663
0.002985
0.002236
0.963731
11.0638
0.002654
0.279879
0.010315
0.167347
5.71762
0.456275
7e-05
4.25608
1.20346
1.17689
0.007043
0.002953
0.002657
0.002606
2.16134
0.360253
2.9e-05
0.037533
0.000643
0.040366
0.001394
0.662551
0.276354
0.771747
0.758101
0.250256
0.039899
0.002155
0.040412
0.005125
0.005912
0.131675
0.036765
0.009416
0.151753
0.001377
0.001034
0.809294
1.05223
0.689758
0.223954
0.201402
0.044047
0.719618
0.17066
0.267976
2.30543
0.006693
0.292786
0.008582
0.003298
0.000897
0.000883
0.001047
0.192845
0.632859
0.065302
0.02417
0.061213
0.023057
0.001384
0.000528
0.03893
0.034686
0.000676
0.000417
0.05865
0.024142
0.000614
0.000483
0.001995
0.000346
0.07349
0.024764
0.280474
0.720805
0.377726
0.00079
0.39204
0.043134
0.027622
0.935381
1.93923
1.25913
0.426336
1.48709
0.001024
0.062722
0.048937
0.279001
0.009959
0.344104
0.013196
0.120244
0.123913
0.001564
3.13377
0.795025
0.705176
0.012044
0.035825
0.001454
3.21465
0.005615
0.013279
0.000553
0.000588
0.003113
0.203308
\end{filecontents}