1;15091835;61454457000
2;74066550;75434270000
3;6237;258815000
4;4553876;11853345000
5;1;173000
6;356747;1479194000
7;1925814;60000219000
8;2614;125831000
9;4165;135910000
10;1788949;4452463000
11;149793;1385757000
12;188;7884000
13;34641;183500000
14;272860;744227000
15;297;32357000
16;160;13725000
17;17;30964000
18;469;17815000
19;26278;104233000
20;8456;108792000
21;1464949;4185980000
22;1;255000
23;661;21879000
24;12939;59032000
25;35303;326434000
26;37445;153670000
27;35302;328257000
28;680539;60000262000
29;18620;508127000
30;177;14179000
31;42416968;60037032000
32;130444;894157000
33;742103;2310669000
34;2538;47944000
35;40453;286778000
36;1738;41622000
37;0;0
38;7704059;60003040000
39;0;0
40;0;0
41;6966273;5468937000
42;590522;1233436000
43;274747;60036925000
44;10053065;14937360000
45;4174;1300995000
46;62032906;60071358000
47;1405;23501000
48;1627;35178000
49;440579;740285000
50;11387;179437000
51;240;8680000
52;31;1653000
53;795680;1071672000
54;1409679;5697990000
55;50949;294669000
56;15694402;61487309000
57;249648;60507382000
58;15469613;61982334000
59;506595;60025988000
60;1599269;60000247000
61;2024347;8183784000
62;271493;60020793000
63;2438716;60027321000
64;17200680;60000733000
65;190233;618882000
66;0;199000
67;8408;316970000
68;2098;60113328000
69;187322;730688000
70;156659;607515000
71;206934;11774145000
72;163270;719536000
73;129;6959000
74;4;290000
75;1;122000
76;247463;968138000
77;47003783;60449159000
78;144269;345827000
79;136658;61004382000
80;33213195;60852554000
81;7184;87800000
82;9987;95873000
83;3630;44297000
84;51210;363486000
85;4691841;5011034000
86;38254;393858000
87;230443;60004746000
88;3;272000
89;413;30567000
90;4701;105443000
91;40;3003000
92;76;5117000
93;4;334000
94;6;546000
95;245;15204000
96;2872394;55719341000
97;1116125;3540563000
98;1464948;4174813000
99;3;603000
100;230;44425000
101;13;1105000
102;12241375;64052372000
103;4692464;4472475000
104;517;9407000
105;5003949;60000621000
106;1380014;5949268000
107;293233;1021485000
108;2818;53895000
109;93;2994000
110;4940574;9175299000
111;319;7802000
112;9972846;60000161000
113;0;0
114;0;0
115;0;0
116;72360;706082000
117;0;0
118;1;199000
119;209809;6749742000
120;0;0
121;437999;2066103000
122;0;0
123;11713;45977000
124;9997757;60002496000
125;455640;2750108000
126;3411;43031000
127;12309;53981000
128;299487;659011000
129;1157810;6298479000
130;2861;18931000
131;57199;162270000
132;2360;41295000
133;0;0
134;4692051;3747260000
135;5035;59830000
136;15813;239893000
137;3361;43605000
138;528324;2465776000
139;488345;1626255000
140;337115;915498000
141;376;10300000
142;8280782;32870755000
143;1750;25965000
144;1063700;60020848000
145;20422;694283000
146;72360;847083000
147;156562;529495000
148;42475;175728000
149;0;0
150;1211;28213000
151;8;594000
152;296;9018000
153;27686;239855000
154;159;2446000
155;20704;95511000
156;0;0
157;5;642000
158;44943;317918000
159;38964;187635000
160;14837;79290000
161;1863;37673000
162;9663545;16840978000
163;359864;1237097000
164;18979;132767000
165;412236;1749115000
166;0;186000
167;9433;120297000
168;13724;95652000
169;13489;41964000
170;841202;3638877000
171;409;7742000
172;0;0
173;10600;40263000
174;0;0
175;13047;92864000
176;6013032;60000834000
177;5044336;60001174000
178;2393578;60002471000
179;9563;84922000
180;10600;39667000
181;8010;108540000
182;4304;45780000
183;2076413;3208592000
184;12278;209807000
185;578301;689648000
186;521;14639000
187;578298;673621000
188;1743;35959000
189;12530;82040000
190;62447987;60045734000
191;1708368;28355838000
192;380;11287000
193;838216;927895000
194;6877505;28423435000
195;15440;120753000
196;953843;918238000
197;0;0
198;13984;41699000
199;6114;53920000
200;368;13785000
201;9961519;60016011000
202;116682;349955000
203;60;2505000
204;8652542;17215511000
205;211701;627465000
206;2468;21927000
207;71907;264503000
208;0;0
209;2467;20638000
210;217;5413000
211;8030;129129000
212;268;4665000
213;5146;45357000
214;421927;1008554000
215;18241;98178000
216;3459;31595000
217;22;1142000
218;9;382000
219;2177;38294000
220;25;759000
221;510;6271000
222;0;141000
223;0;130000
224;4776;32823000
225;555;2317000
226;264720;861440000
227;330;6224000
228;1159;14860000
229;15269;59237000
230;0;0
231;0;0
232;0;0
233;0;0
234;54;3208000
235;712;15629000
236;195;147962000
237;1724149;3000189000
238;0;0
239;18270;98676000
240;0;0
241;363612;495802000
242;2728;52481000
243;98055;275994000
244;169172;706062000
245;5276;71535000
246;504;13852000
247;81536;405836000
248;331748;856777000
249;63529;385419000
250;41033;113590000
251;772265;907056000
252;29564;125327000
253;57;4697000
254;1287934;1475638000
255;22622;89488000
256;2763149;7232569000
257;0;195000
258;0;917000
259;0;137000
260;0;136000
261;0;132000
262;35942;149034000
263;34;815000
264;3792;64016000
265;677;7932000
266;679;12997000
267;312;8740000
268;0;0
269;7595;27672000
270;641298;3139864000
271;128525;411435000
272;29620;170666000
273;554525;2731943000
274;63;4161000
275;1131709;4887391000
276;87962;466402000
277;111390;1134178000
278;3545042;10178889000
279;407;10991000
280;37571;407832000
281;644829;1389549000
282;10556700;60006519000
283;1090;36305000
284;3994704;58115275000
285;19081282;9939790000
286;100624;541463000
287;613238;1851078000
288;5713;75112000
289;909856;778880000
290;412235;1747037000
291;110522;738044000
292;1467;14232000
293;21;1014000
294;1878302;28420090000
295;1071902;60000260000
296;35943;228230000
297;356746;1681242000
298;1595916;60000346000
299;0;0
300;88042;750142000
301;7423049;14351029000
302;862696;60000251000
303;949234;6042623000
304;9986049;60005264000
305;445922;61046992000
306;234587;1313642000
307;412296;2060636000
308;525636;591685000
309;525635;562994000
310;8041;51089000
311;1157810;6155127000
312;841203;3657847000
313;1;156000
314;8967;198979000
315;41025663;60000171000
316;347;4105000
317;569514;590770000
318;0;0
319;0;0
320;10722594;61024176000
321;31012048;28283165000
322;1;186000
323;290;8885000
324;268;5808000
325;8628;103441000
326;1099106;4609354000
327;92611;279354000
328;4164;61097000
329;21;864000
330;82;2059000
331;0;0
332;0;138000
333;613392;30475457000
334;50949;322232000
335;848022;4069587000
336;44;2772000
337;530438;1377137000
338;76505119;88605365000
339;36473444;76694715000
340;0;0
341;74771130;88326415000
342;62016049;80813127000
343;48386212;56553733000
344;850776;930991000
345;27;1490000
346;57;2376000
347;221404;1848126000
348;5729;113847000
349;2475500;2337948000
350;156660;508282000
351;4314;71257000
352;33;2512000
353;44;1657000
354;1112;26891000
355;0;0
356;4733;41233000
357;99;2269000
358;28899;353832000
359;26;1323000
360;44;1477000
361;11073774;60008759000
362;4426;24581000
363;46886;115804000
364;10492882;60017742000
365;211;7264000
366;4693110;3763328000
367;5568;88008000
368;7507;56546000
369;7680719;61102309000
370;19612352;60247492000
371;1434771;60036005000
372;48249111;60020872000
373;904956;60092721000
374;10414087;60004276000
375;0;0
376;0;0
377;0;0
378;0;259000
379;0;0
380;995;9692000
381;82712;559589000
382;147;4733000
383;2224;37993000
384;1802;15157000
385;497;5850000
386;295;4003000
387;4709184;4187183000
388;6088295;8994906000
389;14425;121856000
390;106609;793141000
391;365678;1244916000
392;829360;2922268000
393;2;274000
394;14747;115990000
395;41423;185810000
396;20634;124593000
397;9853881;63522280000
398;47;5954000
399;256677;1812269000
400;254;6988000
401;6124409;9127187000
402;1735828;4061114000
403;5013;56392000
404;45494;259739000
405;5873;86204000
406;995;8731000
407;2;211000
408;179;5153000
409;93;2492000
410;6;251000
411;386533;1527002000
412;65289;432909000
413;13;777000
414;53;1779000
415;20713953;12504892000
416;0;0
417;64062;1793756000
418;12126089;60000204000
419;190926;19414175000
420;90164;2034826000
421;41071;237070000
422;218172;664871000
423;135998;437060000
424;3092;37303000
425;2205096;15906637000
426;4169196;2579507000
427;127305;222738000
428;12340462;60000621000
429;3771;46730000
430;39163;68400000
431;1409684;24814225000
432;7327;42299000
433;9;376000
434;3614;160863000
435;889;18907000
436;38612;149299000
437;0;0
438;95356;509579000
439;0;0
440;905;16111000
441;25442;149874000
442;3082;56663000
443;25441;143593000
444;111;3063000
445;688807;1405150000
446;6877525;40871322000
447;310559;797256000
448;41422;199974000
449;22117;310379000
450;244;8390000
451;16238;163583000
452;53488;809278000
453;2068130;60000231000
454;5;634000
455;239;11701000
456;481;14305000
457;9951;145816000
458;225;3764000
459;621;6209000
460;41386;280928000
461;22588;134278000
462;33687733;33563638000
463;8297;75500000
464;61366;263539000
465;18;991000
466;402;14917000
467;27;1279000
468;111;3754000
469;21;755000
470;219;6871000
471;18;780000
472;755934;2817569000
473;0;0
474;2559722;60019502000
475;256585;1119496000
476;47016;437161000
477;465560;996192000
478;8964;258557000
479;96;2525000
480;1325127;1753167000
481;0;0
482;0;0
483;0;0
484;9833995;63518911000
485;641299;3767422000
486;538839;2727029000
487;538838;2818798000
488;54135;331770000
489;47898;274883000
490;0;0
491;71468;729477000
492;848022;4414920000
493;106609;787632000
494;200567;11686297000
495;191616;396452000
496;1446982;3154740000
497;139;6031000
498;2189;31824000
499;376;9735000
500;222295;671744000
501;1042900;1143154000
502;17213;96824000
503;4685;48692000
504;17477;110089000
505;2326;29957000
506;1657076;6964546000
507;30232;192942000
508;30231;191157000
509;0;0
510;6563;38553000
511;2539057;1936250000
512;69548;121668000
513;4;407000
514;4097299;2975875000
515;1090;8683000
516;10515;51160000
517;66240;792264000
518;4611085;36844935000
519;2189811;60000202000
520;7180;119629000
521;4166203;5458832000
522;938;22017000
523;1425;11717000
524;1031036;3401751000
525;11;327000
526;15;956000
527;16;483000
528;14;428000
529;14;430000
530;11;432000
531;11;435000
532;1383;34481000
533;15;801000
534;16;495000
535;13;669000
536;13;473000
537;0;132000
538;5517;38587000
539;20053;152637000
540;4648263;11893771000
541;28604947;20957862000
542;822846;1495188000
543;86;2363000
544;215018;867837000
545;809015;1231047000
546;5810;138736000
547;819856;1401081000
548;165986;676559000
549;447540;1552627000
550;5850;142643000
551;177;4956000
552;46;635000
553;46;429000
554;466096;273465000
555;99516;560893000
556;233608;827635000
557;1381;33124000
558;0;0
559;8754;104950000
560;829284;2790549000
561;1468;17919000
562;1672;43413000
563;36;2269000
564;45;22446000
565;18240;107563000
566;855;13537000
567;793;13401000
568;1828;19969000
569;749;12262000
570;984;14183000
571;446;9126000
572;290158;606783000
573;2831;64547000
574;79893;283232000
575;5066;529030000
576;14648;168091000
577;30;1948000
578;45;2152000
579;25831;89969000
580;482025;1276912000
581;2820;72739000
582;47470679;53306318000
583;4184317;5970034000
584;810813;1256826000
585;138961;602636000
586;0;180000
587;1657076;6721999000
588;1131934;3739116000
589;6648419;15623302000
590;447708;1552792000
591;977469;1636605000
592;20367;36284000
593;15354;107594000
594;39771819;35587279000
595;0;185000
596;136415;597047000
597;1398244;5539193000
598;1657076;6906231000
599;16103;236822000
600;1657076;6732727000
601;6970044;5431700000
602;1657076;6740410000
603;23040;142899000
604;6190;49601000
605;1213129;3230048000
606;1658042;6773386000
607;18;1918000
608;164;5413000
609;13;480000
610;30;923000
611;3366299;4764499000
612;0;178000
613;819856;1411777000
614;819861;1398962000
615;559997;468994000
616;1189994;1082748000
617;822851;1477233000
618;31012200;28259969000
619;795680;1059605000
620;65882;130179000
621;4357;34102000
622;76925;322917000
623;0;229000
624;27436;97294000
625;888;17414000
626;254;4517000
627;346814;553697000
628;608;16466000
629;822846;1487827000
630;0;0
631;766339;770305000
632;0;0
633;7439;301365000
634;578299;669602000
635;38003;531521000
636;582322;722418000
637;601379;1012153000
638;594069;365041000
639;18875;38230000
640;4125;42347000
641;36935;117022000
642;2531;26139000
643;901;8500000
644;4692285;4186447000
645;52095;452245000
646;0;0
647;11759;125731000
648;34;647000
649;1456;27435000
650;18645;141752000
651;1;197000
652;16;4486000
653;27857053;19688113000
654;819869;1480943000
655;6970044;5792234000
656;38202724;40412697000
657;3179;45793000
658;205;1342000
659;27872087;19265323000
660;14410;105166000
661;14314;101020000
662;588;13992000
663;384160;602194000
664;5489;88201000
665;33549;91880000
666;10361;95944000
667;33002;243254000
668;3;343000
669;1287864;1987589000
670;6852;82636000
671;14591;34440000
672;0;0
673;16641;233712000
674;9456;126752000
675;5761932;60000813000
676;0;0
677;221403;1958338000
678;80;3592000
679;12361164;60006558000
680;9457;124145000
681;3;283000
682;18624;42913000
683;56243;289984000
684;440580;761907000
685;47714;60005923000
686;20242976;60068782000
687;383;11819000
688;1960650;5577465000
689;81877;480680000
690;6921738;12810594000
691;4052292;27670281000
692;326322;629103000
693;8;1063000
694;1397;30577000
695;374;10238000
696;2005;35744000
697;10940844;43020172000
698;33;2559000
699;19276866;36470984000
700;301435;1045835000
701;255;10394000
702;4591;50323000
703;3472;19325000
704;12745;92782000
705;1;157000
706;62;2818000
707;13787;214152000
708;578;10216000
709;12217522;60003896000
710;291;2977000
711;2329075;4845292000
712;4509;40418000
713;2010519;11313587000
714;521573;2951431000
715;1277756;1504866000
716;2823;54782000
717;0;0
718;0;0
719;44986790;39057041000
720;42900560;64128874000
721;1571;50435000
722;3;307000
723;27957966;20890538000
724;15532023;61923932000
725;45601228;60005096000
726;9947;23534000
727;496906;60000309000
728;44920746;61031682000
729;4738109;5234324000
730;28485;208855000
731;818;17659000
732;102;3953000
733;518;3668000
734;14406;92204000
735;151;3692000
736;5;432000
737;176030;958165000
738;1628;30092000
739;60165;323755000
740;52;1791000
741;108;6514000
742;52378;355244000
743;588251;9774904000
744;181;5980000
745;606;9902000
746;167;4547000
747;11844;43719000
748;11845;41912000
749;0;0
750;200;3055000
751;1074;25256000
752;2665;18142000
753;0;0
754;2939;23238000
755;164077;235263000
756;1070;21306000
757;184;7698000
758;240007;869381000
759;2265448;60000291000
760;2609645;60000511000
761;346275;1182936000
762;8449370;60020318000
763;9242658;60000499000
764;4224;52761000
765;7494174;18147128000
766;4695148;4929571000
767;1737742;9086646000
768;1074;11404000
769;340110;851840000
770;1736098;3751100000
771;24;1554000
772;12;835000
773;9480391;61000025000
774;0;55000
775;7494174;18502523000
776;94;3183000
777;157616;240690000
778;11087;88778000
779;9838538;63526610000
780;9719852;63598368000
781;0;0
782;554773;8911780000
783;45494;300140000
784;511921;1766762000
785;5163535;27568742000
786;4964508;35606813000
787;894571;1570489000
788;0;0
789;535515;2052096000
790;0;0
791;303191;402430000
792;11887;128423000
793;530439;1351612000
794;447;9464000
795;0;0
796;134802;428944000
797;26851;5364071000
798;58;842000
799;4693439;5178035000
800;263562;391234000
801;263446;390813000
802;2379;84046000
803;1933;60153000
804;926;27275000
805;538128;2863491000
806;17169052;61000019000
807;22;2263000
808;37328;543601000
809;120495;855207000
810;801683;5072337000
811;1175;32709000
812;120496;656435000
813;93766;200129000
814;2727;55872000
815;8660;126563000
816;567612;3713906000
817;559996;477600000
818;1073;24430000
819;557136;417578000
820;594068;376969000
821;53;2674000
822;39981;227522000
823;638855;1207051000
824;38599;162055000
825;0;193000
826;51447;351338000
827;2078653;3989861000
828;40957445;60005467000
829;6884;90532000
830;9788;144612000
831;1173;14846000
832;23792;64841000
833;214069;702101000
834;614;18045000
835;28484;230026000
836;588;13717000
837;17340;267985000
838;898106;7495816000
839;2498087;11942876000
840;0;0
841;53;3683000
842;23841732;60032467000
843;0;0
844;0;0
845;1818;22756000
846;328;7887000
847;374710;462114000
848;56513;287056000
849;1172;103005000
850;2188;18844000
851;424579;1034547000
852;247047;522065000
853;4691808;2696962000
854;569369;31873067000
855;5806189;60077881000
856;181;2680000
857;1712805;34753500000
858;5318252;60000916000
859;1712805;35180777000
860;10531151;60000823000
861;10198628;60000218000
862;9856;216122000
863;9855;80851000
864;7833;337204000
865;31;11076000
866;22280;429793000
867;462;19273000
868;39;1253000
869;509441;2343146000
870;4691839;3904025000
871;168118;624698000
872;12499;143277000
873;3410;41089000
874;312;8771000
875;17116;83481000
876;2732;15855000
877;1956;30621280000
878;97627;248999000
879;209767;1840218000
880;344;10306000
881;15812;230877000
882;18949;253112000
883;6751;124034000
884;4164;62848000
885;441523;574882000
886;221403;1847029000
887;4691486;60001910000
888;36494;256049000
889;1472;42061972000
890;43440;239800000
891;35;12187000
892;2506698;55056065000
893;1876079;12619773000
894;13788;221384000
895;75;2923000
896;177;4404000
897;1;114000
898;1582581;2510290000
899;0;27000
900;373;9129000
901;42900560;61083872000
902;14971;127553000
903;5315;128661000
904;239574;562562000
905;16826;28289000
906;482081;778919000
907;12597;62953000
908;740977;2523342000
909;4;924000
910;1387;18404000
911;22;1876000
912;0;0
913;3119;8966000
914;4;542000
915;57198;155457000
916;5;724000
917;274;7596000
918;206;5824000
919;28083;59819000
920;6;859000
921;4;503000
922;983;14736000
923;6;489000
924;6;426000
925;5;300000
926;4;403000
927;305;5154000
928;7;674000
929;31;1762000
930;116;2801000
931;5;428000
932;4;348000
933;6;450000
934;7;511000
935;6;367000
936;4;309000
937;20;949000
938;25;1150000
939;6;349000
940;5;331000
941;7;652000
942;7;501000
943;405;5596000
944;6;450000
945;6;378000
946;4;237000
947;7;339000
948;108;1869000
949;380;4324000
950;7;510000
951;5;389000
952;32;1229000
953;7;447000
954;6;306000
955;4;231000
956;7;362000
957;7;398000
958;1041;8447000
959;4;278000
960;8;505000
961;6;355000
962;6;359000
963;6;407000
964;97;814000
965;7;367000
966;6;352000
967;9;371000
968;254;2498000
969;6;318000
970;4;355000
971;31;1268000
972;7;335000
973;7984;70785000
974;5;556000
975;196;4780000
976;6;540000
977;6;457000
978;6;347000
979;4;261000
980;5;363000
981;0;62000
982;7;395000
983;5630396;60000856000
984;312;22979000
985;0;0
986;48;4663000
987;46;2985000
988;0;0
989;10498;125071000
990;21;2632000
991;4;850000
992;645;89076000
993;26;1831000
994;0;0
995;22;616000
996;27;856000
997;2;470000
998;21;1418000
999;22;628000
1000;23012;245820000
1001;28;1376000
1002;31;1339000
1003;613;24548000
1004;21495;105506000
1005;5610;72612000
1006;209768;2267812000
1007;345;10633000
1008;17341;247930000
1009;589;13975000
1010;9789;127899000
1011;6;945000
1012;60716;282952000
1013;18950;255799000
1014;6752;126188000
1015;66241;830954000
1016;24;1220000
1017;37329;335897000
1018;54;861000
1019;36301;342044000
1020;0;0
1021;248454;1566442000
1022;18565;106146000
1023;1524;17382000
1024;29757;274705000
1025;9075;94752000
1026;8899;34703000
1027;58443;388234000
1028;75;2236000
1029;312007;963731000
1030;29307;267625000
1031;167;4993000
1032;134002;11063774000
1033;41;2654000
1034;0;0
1035;660;7660000
1036;62227;254362000
1037;39732;178567000
1038;50949;279879000
1039;2076413;3187910000
1040;3068;23289000
1041;171132;567327000
1042;8;799000
1043;0;0
1044;25809;159576000
1045;0;184000
1046;78924;578315000
1047;49036;290013000
1048;256;10315000
1049;446136;693897000
1050;369752;412099000
1051;161919;258994000
1052;543845;626357000
1053;2870;40746000
1054;1439;21100000
1055;5521;25001000
1056;28;1368000
1057;16;875000
1058;11;641000
1059;23;1357000
1060;4;345000
1061;18023;167347000
1062;6933;78352000
1063;8644701;17284859000
1064;1615;16304000
1065;65;2863000
1066;18900;253236000
1067;70816;654330000
1068;72360;681152000
1069;20421;304565000
1070;3469;19063000
1071;6616;78603000
1072;8;902000
1073;5;430000
1074;117273;5717625000
1075;41043;308850000
1076;38;2575000
1077;0;161000
1078;2432;33851000
1079;35;2229000
1080;105524;20765979000
1081;86;5555000
1082;9;1009000
1083;6;634000
1084;304;11087000
1085;4;721000
1086;433973;60029476000
1087;4;810000
1088;736;15796000
1089;1965;23698000
1090;6;456000
1091;889;19044000
1092;0;0
1093;30739;109212000
1094;4693141;5265917000
1095;38613;177720000
1096;274925;2132131000
1097;25;1781000
1098;9;1006000
1099;9;464000
1100;8;369000
1101;8;360000
1102;7;410000
1103;8;310000
1104;10;312000
1105;9;510000
1106;9;390000
1107;421;14158000
1108;213541;3378489000
1109;169171;709086000
1110;20768123;24880354000
1111;115431;4194208000
1112;9;1028000
1113;8;421000
1114;8;391000
1115;8;344000
1116;7;387000
1117;40867925;60033283000
1118;9392812;60000573000
1119;36651;1229554000
1120;1690;93606000
1121;2139;38826000
1122;858;9009000
1123;4;699000
1124;19776163;10689732000
1125;52;447000
1126;5;751000
1127;577066;456275000
1128;32154;204986000
1129;12783;77128000
1130;192;6495000
1131;1737743;8950664000
1132;19502866;10070990000
1133;44814;77828000
1134;1;217000
1135;0;0
1136;23;1656000
1137;193;6803000
1138;0;0
1139;122190;215820000
1140;20355793;11886380000
1141;6;936000
1142;2141;19971000
1143;278;9022000
1144;10;70000
1145;57437;271239000
1146;7119024;60000320000
1147;10858;124459000
1148;18;1826000
1149;6;634000
1150;421367;2486837000
1151;4;785000
1152;23;814000
1153;99495;838904000
1154;16480;4256085000
1155;399289;594701000
1156;2484925;16496004000
1157;386534;1203457000
1158;5289;1176888000
1159;4;820000
1160;10;537000
1161;0;0
1162;6108;27648000
1163;4;586000
1164;649;20186000
1165;14691;77654000
1166;1891308;2805574000
1167;174;7043000
1168;174;2953000
1169;174;2657000
1170;174;2606000
1171;2159;31529000
1172;0;0
1173;9511;74702000
1174;0;0
1175;2521730;11107418000
1176;33857;185028000
1177;9;658000
1178;214091;700784000
1179;743546;60000286000
1180;279875;2161341000
1181;2128;34902000
1182;235386;1786382000
1183;60175;360253000
1184;1;29000
1185;3627;37533000
1186;71;643000
1187;9182877;15019130000
1188;1485701;7468659000
1189;120982;434047000
1190;8;914000
1191;176029;932294000
1192;2521504;12837193000
1193;938835;60002302000
1194;5;1012000
1195;4;421000
1196;3220;40366000
1197;1891308;3221549000
1198;0;0
1199;0;0
1200;27;1394000
1201;308678;662551000
1202;0;0
1203;9907;112628000
1204;8217877;42696239000
1205;14952;92957000
1206;0;0
1207;6919813;13425822000
1208;50949;276354000
1209;765;16157000
1210;4;648000
1211;245496;453149000
1212;245219;444834000
1213;0;0
1214;134;1728000
1215;5;694000
1216;7;463000
1217;0;0
1218;27333;143575000
1219;45493;236871000
1220;1335396;8478847000
1221;149793;1173624000
1222;188;9031000
1223;1786;27582000
1224;3535;57956000
1225;57065;771747000
1226;57066;758101000
1227;3;660000
1228;7;673000
1229;4469;34848000
1230;7;342257000
1231;18727;89047000
1232;0;0
1233;1130260;3606644000
1234;6257;48716000
1235;28305;202674000
1236;2112748;14412573000
1237;6590;61716000
1238;4;706000
1239;0;60087134000
1240;42073;250256000
1241;682;39899000
1242;210205;4455284000
1243;4;622000
1244;0;0
1245;6094;97524000
1246;23;944000
1247;8;462000
1248;71266;119117000
1249;577;11731000
1250;9403692;60000603000
1251;8193493;62916137000
1252;263445;1138934000
1253;605312;17812568000
1254;188098;543199000
1255;13643;21137000
1256;15;592000
1257;1457;33342000
1258;143619;7630712000
1259;4;597000
1260;102;6046000
1261;8;624000
1262;446067;2453833000
1263;6125914;49702407000
1264;19;1425000
1265;55823;901061000
1266;96374;496673000
1267;9;704000
1268;0;0
1269;103;1980000
1270;3119;14804000
1271;0;0
1272;9;977000
1273;278569;2717326000
1274;381;5497000
1275;288;1125000
1276;0;0
1277;11380;29430000
1278;100;3403000
1279;7741;114630000
1280;3530;39289000
1281;3;458000
1282;6;719000
1283;41583;88420000
1284;179;1100000
1285;324130;1475844000
1286;21;1183000
1287;6;599000
1288;4169196;2671776000
1289;1399;13932000
1290;426;6737000
1291;1043041;1414119000
1292;24256;63944000
1293;1660085;60059897000
1294;1539328;58754529000
1295;0;0
1296;64;2155000
1297;684;5488000
1298;24988745;60131163000
1299;15539783;61922082000
1300;10089284;32074479000
1301;191742;409533000
1302;63316;703519000
1303;680;14312000
1304;39474961;46454394000
1305;7259361;30313716000
1306;1069136;60000228000
1307;394142;60000272000
1308;0;0
1309;15285;233335000
1310;12544;214020000
1311;7712;139994000
1312;44797;420060000
1313;2395;56374000
1314;190;3355000
1315;10;878000
1316;1869;49672000
1317;25;1387000
1318;8;390000
1319;28;1046000
1320;746;22846000
1321;667740;1851549000
1322;41310;461825000
1323;3305;60457000
1324;2662;61879000
1325;6;994000
1326;843;16422000
1327;841;16680000
1328;520;40412000
1329;1206230;60007462000
1330;446067;10311675000
1331;7592;53905000
1332;5337;36097000
1333;27950;168397000
1334;11847;58744000
1335;834653;5516299000
1336;1094869;3282855000
1337;60477;315723000
1338;378;18234000
1339;0;0
1340;879;5904000
1341;91;644000
1342;353;1171000
1343;233;778000
1344;554226;4244041000
1345;6370187;60001699000
1346;1759441;9844491000
1347;1999;56302000
1348;11;1195000
1349;212;5125000
1350;3389749;8176566000
1351;5;1019000
1352;5;596000
1353;81;1139000
1354;93;595000
1355;290;1544000
1356;0;0
1357;0;0
1358;2530446;6777788000
1359;60028;324577000
1360;274133;60021485000
1361;253654;60021467000
1362;637;7603000
1363;46;2104000
1364;1131899;5657784000
1365;1119406;5441820000
1366;1043990;4947606000
1367;307933;1690614000
1368;246620;1444212000
1369;6447;113430000
1370;253381;5261229000
1371;1;148000
1372;1;117000
1373;79;3863000
1374;195743;1291865000
1375;6;928000
1376;0;0
1377;574358;3644995000
1378;208779;787898000
1379;109;4896000
1380;7;3577000
1381;35;8367000
1382;5;1261000
1383;1;443000
1384;2882264;4304333000
1385;614;20789000
1386;121992;452700000
1387;433384;1250163000
1388;1574;14148000
1389;4924;9809000
1390;81;3180000
1391;4;542000
1392;31430851;28675056000
1393;2865683;4198561000
1394;31370;35593000
1395;258332;271246000
1396;1557654;60019110000
1397;2109464;1906321000
1398;12;1234000
1399;2861;3832000
1400;731;16155000
1401;115;5912000
1402;4938341;9172553000
1403;1863;13087000
1404;6;919000
1405;1;145000
1406;438811;2304552000
1407;129650;494739000
1408;0;63110015000
1409;740977;2513617000
1410;59509;337919000
1411;180281;1261233000
1412;6;997000
1413;6;678000
1414;6204;298223000
1415;582496;760591000
1416;570836;598222000
1417;582398;712911000
1418;23053;131675000
1419;0;0
1420;3220;36765000
1421;305;9416000
1422;144264;151753000
1423;134;4586000
1424;71;1377000
1425;1893498;3705506000
1426;126;5224000
1427;306;6105000
1428;12;806000
1429;1378;31001000
1430;57;2866000
1431;82092;399186000
1432;18964;125745000
1433;13496;106823000
1434;6;844000
1435;204;6257000
1436;244;6625000
1437;13;930000
1438;5953;24271000
1439;222294;647494000
1440;28281;205567000
1441;19132395;60028264000
1442;9969989;14241803000
1443;15127;69020000
1444;7;1034000
1445;1893499;3919087000
1446;203075;809294000
1447;838216;1052231000
1448;195703;689758000
1449;247163;742572000
1450;195693;223954000
1451;114299;201402000
1452;3134;44047000
1453;1893289;3687933000
1454;6965921;5447912000
1455;838408;1217130000
1456;592;4142000
1457;925;68651000
1458;207207;719618000
1459;19972;170660000
1460;43307;267976000
1461;10;878000
1462;26215;286958000
1463;33540;187085000
1464;24;526000
1465;1474;3025000
1466;2740;4104000
1467;2162;12218000
1468;0;173000
1469;16;753000
1470;1;718000
1471;1;360000
1472;2525960;12485612000
1473;10140973;14421449000
1474;2279;37279000
1475;0;0
1476;0;0
1477;540118;2633839000
1478;6;573000
1479;0;0
1480;319881;1212055000
1481;4;808000
1482;1084;27906000
1483;1380014;5582762000
1484;13795;126683000
1485;10072;50492000
1486;369;1053000
1487;85488;402866000
1488;6;742000
1489;4;436000
1490;800;16740000
1491;1474661;4416562000
1492;1;231000
1493;15979;391853000
1494;10425;22022000
1495;7111888;60000503000
1496;792;18313000
1497;0;999000
1498;3635;38623000
1499;2788;52306000
1500;14;740000
1501;5744339;30239592000
1502;0;0
1503;417472;2305434000
1504;39186;287153000
1505;211;5216000
1506;20591;119685000
1507;484414;2789849000
1508;6;1127000
1509;3;419000
1510;4;461000
1511;267;10056000
1512;34;282000
1513;9727153;63530974000
1514;41480280;60085862000
1515;13896404;63215231000
1516;323;2038000
1517;242842;1655366000
1518;6;1157000
1519;2957;50648000
1520;1;194000
1521;22961;246387000
1522;1513;35175000
1523;1750;25247000
1524;559996;477866000
1525;34282;205823000
1526;2369;35795000
1527;4;624000
1528;2;258000
1529;589;11991000
1530;256728;978679000
1531;220;6693000
1532;47834;255162000
1533;369;12737000
1534;68013;290861000
1535;933;13287000
1536;199974;505822000
1537;3254;52121000
1538;6;673000
1539;13;1642000
1540;49;2194000
1541;357296;1495938000
1542;72110;292786000
1543;18;8582000
1544;0;60079707000
1545;37;3298000
1546;37;897000
1547;37;883000
1548;34;1047000
1549;4219272;60010939000
1550;1348622;60000226000
1551;1;186000
1552;0;64314554000
1553;4;860000
1554;34281;307740000
1555;7776;110636000
1556;5;766000
1557;5;606000
1558;5;566000
1559;0;2397000
1560;33451;192845000
1561;12277;65151000
1562;2225637;60029167000
1563;70820;657226000
1564;1669;31906000
1565;37824;205674000
1566;16474;95795000
1567;347;6131000
1568;0;0
1569;0;0
1570;5573827;60000257000
1571;524968;1092714000
1572;2415;41714000
1573;36;1010000
1574;1648020;8681127000
1575;23;1940000
1576;65;4732000
1577;0;0
1578;220;10104000
1579;0;0
1580;12465;62112000
1581;15347363;60034637000
1582;15391966;60004019000
1583;3731307;36450318000
1584;22810;234862000
1585;10279;187958000
1586;0;0
1587;11847;91918000
1588;2034862;5698943000
1589;110136;278030000
1590;1659373;2783319000
1591;346760;632859000
1592;19081280;9700848000
1593;38588;66982000
1594;3231758;60002297000
1595;6253727;60002346000
1596;541;19842000
1597;1248464;8482227000
1598;44667;102498000
1599;5530;63582000
1600;5184;65302000
1601;2132;24170000
1602;5408;61213000
1603;2172;23057000
1604;5408;55286000
1605;2172;22504000
1606;5531;53339000
1607;18;1384000
1608;18;528000
1609;5407;58566000
1610;2171;23546000
1611;2365;38930000
1612;2904;34686000
1613;14;676000
1614;13;417000
1615;5183;58650000
1616;2131;24142000
1617;13;614000
1618;8;483000
1619;39;1995000
1620;6;346000
1621;647450;3043899000
1622;4692051;3802173000
1623;62;3150000
1624;61;1655000
1625;6889;20905000
1626;37408;209648000
1627;24970;111793000
1628;525037;750896000
1629;10549966;31904144000
1630;346760;588555000
1631;239662;60000248000
1632;8;882000
1633;0;0
1634;8904;87956000
1635;0;0
1636;10164315;60001070000
1637;4;847000
1638;5183;73490000
1639;2131;24764000
1640;512;24306000
1641;117;7723000
1642;92;6115000
1643;29;2018000
1644;12;907000
1645;667;24928000
1646;1570;68137000
1647;10668;280474000
1648;70815;720805000
1649;7097;24789000
1650;738462;1702064000
1651;738462;1234743000
1652;73;2045000
1653;7504;99882000
1654;98041;522738000
1655;26376;377726000
1656;12309;52751000
1657;4704491;36057843000
1658;1;196000
1659;1;114000
1660;1776791;60000238000
1661;2109463;2143368000
1662;1;790000
1663;0;0
1664;0;0
1665;5;259000
1666;666;12885000
1667;1;135000
1668;26743;392040000
1669;2058;43134000
1670;1072;27622000
1671;7503;94305000
1672;123727;935381000
1673;689863;1939234000
1674;322;9950000
1675;97408;1259132000
1676;2537;36829000
1677;6;930000
1678;0;0
1679;0;0
1680;0;0
1681;0;0
1682;138;4820000
1683;9;719000
1684;3;415000
1685;1427;7047000
1686;23;1227000
1687;70816;662338000
1688;1;171000
1689;0;0
1690;3448;45416000
1691;126;3451000
1692;500;8553000
1693;906;8992000
1694;0;0
1695;0;0
1696;5561;35366000
1697;1;155000
1698;4;195000
1699;5573243;60000264000
1700;0;0
1701;40926912;60018351000
1702;2431531;60100807000
1703;2629658;61086505000
1704;45374;268998000
1705;0;0
1706;16;860000
1707;843865;1355268000
1708;6804;49604000
1709;232409;794544000
1710;4;852000
1711;4;549000
1712;5;529000
1713;210708;426336000
1714;670831;1487093000
1715;1;1024000
1716;4;295000
1717;0;0
1718;4;517000
1719;0;0
1720;0;0
1721;6;1024000
1722;1257224;7182940000
1723;0;0
1724;1272;20794000
1725;1318804;4697010000
1726;5038162;19935470000
1727;5636506;23494458000
1728;853178;3443000000
1729;20;5524000
1730;19;1298000
1731;18;1066000
1732;17;942000
1733;696167;60000269000
1734;102428;4250761000
1735;57438;453729000
1736;1;15798000
1737;524;29370000
1738;0;4504000
1739;23013;171592000
1740;37731;360544000
1741;581320;7238347000
1742;160279;573323000
1743;449;3757000
1744;14313;102661000
1745;8486122;60000443000
1746;14313;96125000
1747;3217;1310509000
1748;689909;2228456000
1749;90;44318000
1750;5179;82340000
1751;574358;3575814000
1752;43788;319976000
1753;1105526;41764439000
1754;41163;172609000
1755;5;999000
1756;0;0
1757;9071573;14951929000
1758;142545;453305000
1759;142546;412906000
1760;6;857000
1761;6;611000
1762;1;126000
1763;142545;417597000
1764;35;1974000
1765;7;652000
1766;0;0
1767;373;11673000
1768;16;580000
1769;36;1282000
1770;1156;8329000
1771;667969;1100889000
1772;88251521;85257802000
1773;38379;344592000
1774;15412;115952000
1775;18661;331258000
1776;247552;1471357000
1777;23374;174154000
1778;63816;166567000
1779;18773;133148000
1780;336695;668475000
1781;24987;101671000
1782;26747;215525000
1783;21351;149464000
1784;27876;198803000
1785;144306;332062000
1786;31684;110465000
1787;26437;84011000
1788;89345;196101000
1789;525082;755834000
1790;22587;109598000
1791;20772;99120000
1792;322582;435005000
1793;28972;181728000
1794;64003;128384000
1795;27539;115702000
1796;19333;139851000
1797;88805;226544000
1798;15594;59209000
1799;169944;490668000
1800;29136;176934000
1801;84484;1109833000
1802;67938;2630418000
1803;0;0
1804;1326755;2354094000
1805;936298;1469860000
1806;6760070;19534951000
1807;2046002;7936617000
1808;1969581;6963271000
1809;3417993;10246672000
1810;4891;62722000
1811;2495;48937000
1812;2487;15335000
1813;12687;83001000
1814;3109;47854000
1815;0;0
1816;894;12042000
1817;1567;34997000
1818;5110;59692000
1819;1961;44720000
1820;141;4239000
1821;1716;33805000
1822;4;801000
1823;6;616000
1824;11054;135255000
1825;50;2933000
1826;37629;154338000
1827;2636636;10450248000
1828;0;0
1829;57129;276859000
1830;140700;5662831000
1831;3926322;21929048000
1832;19069110;6699237000
1833;14568;100946000
1834;5011;55091000
1835;629962;3069060000
1836;632654;3041743000
1837;28;1518000
1838;1644835;3466178000
1839;6;613000
1840;1;117000
1841;0;279001000
1842;375;12680000
1843;275;9959000
1844;144958;344104000
1845;417;13196000
1846;287428;7402284000
1847;4;487000
1848;47792;353052000
1849;7498;46721000
1850;17;1603000
1851;16272;31939000
1852;1322;8978000
1853;15409;74269000
1854;1;166000
1855;2;231000
1856;346;5098000
1857;13229987;60008295000
1858;4998440;7415908000
1859;154141;327866000
1860;23121;165057000
1861;0;0
1862;0;0
1863;21547;172774000
1864;18274;120244000
1865;14044;39279000
1866;4710;68752000
1867;4097311;3356493000
1868;967;19763000
1869;392710;11630270000
1870;1547699;60011523000
1871;1;219000
1872;121;6516000
1873;57;2493000
1874;178;5530000
1875;4;696000
1876;3885;373976000
1877;1872;123913000
1878;1510;48653000
1879;543;19225000
1880;109337;252521000
1881;0;0
1882;0;0
1883;1335396;8521785000
1884;0;0
1885;0;0
1886;22;1873000
1887;0;0
1888;199;6742000
1889;4605;94314000
1890;1285;24834000
1891;1034;10597000
1892;951;11933000
1893;581640;60000178000
1894;9;1564000
1895;20054;208546000
1896;412235;1901504000
1897;93164;583963000
1898;4;848000
1899;712044;3133766000
1900;585311;795025000
1901;578360;705176000
1902;0;0
1903;3679;23412000
1904;861;7656000
1905;175;1214000
1906;793;5231000
1907;14410;103178000
1908;14314;100149000
1909;14410;96617000
1910;14314;98726000
1911;1193;31283000
1912;1265;62218000
1913;1771;41394000
1914;32600;263260000
1915;30;966000
1916;96;4073000
1917;130;3016000
1918;96;1703000
1919;317;8444000
1920;13171;127935000
1921;2684;20743000
1922;941885;60000176000
1923;0;0
1924;5;1059000
1925;95336;916539000
1926;48;2486000
1927;756;12044000
1928;1497;35825000
1929;3065614;14412423000
1930;2889812;15967965000
1931;0;0
1932;38612;158334000
1933;2;370000
1934;24;1454000
1935;3022;13141000
1936;22113;145927000
1937;918;5931000
1938;234;5309000
1939;8;535000
1940;6;663000
1941;6;463000
1942;1014;22511000
1943;0;0
1944;20739130;12859846000
1945;2383;22560000
1946;14410;103759000
1947;14314;101257000
1948;420;11961000
1949;1323002;18446037000
1950;0;0
1951;1220;11685000
1952;27496;302065000
1953;24908;250864000
1954;2523357;11922690000
1955;3066;48923000
1956;58;3179000
1957;0;194000
1958;41422;202839000
1959;71212;257429000
1960;16;844000
1961;2113;17360000
1962;1;155000
1963;7933;116479000
1964;27681;95162000
1965;2112;15091000
1966;15155;89113000
1967;11639;42676000
1968;517687;25769158000
1969;279511;22467237000
1970;42506;359653000
1971;96;1897000
1972;16299;42952000
1973;0;0
1974;0;0
1975;8;1087000
1976;0;0
1977;1265;6786000
1978;3;816000
1979;4578051;11064093000
1980;1325118;7720009000
1981;1091942;60000261000
1982;42475;320102000
1983;36074;67573000
1984;2643;30336000
1985;0;0
1986;73;2618000
1987;34;567000
1988;1;124000
1989;302;8944000
1990;16989;187603000
1991;783145;3214654000
1992;126583;427941000
1993;638451;1333401000
1994;18240;103134000
1995;3659334;17297821000
1996;20;5615000
1997;4;640000
1998;12426003;61051993000
1999;0;0
2000;44533;183465000
2001;198931;686075000
2002;2336231;12652596000
2003;360;8922000
2004;638855;1311913000
2005;86816;202155000
2006;10235;13933000
2007;2568;53129000
2008;1;159000
2009;6046;67902000
2010;0;0
2011;240855;1140332000
2012;5362;63700000
2013;5361;55140000
2014;14691734;63377365000
2015;0;0
2016;212028;569150000
2017;35092;302563000
2018;13144;24714000
2019;13143;23863000
2020;1622;10864000
2021;2475499;2323516000
2022;344;13279000
2023;4153;65475000
2024;0;0
2025;274660;60000279000
2026;11425836;61384659000
2027;20;2818000
2028;0;0
2029;1563;82685000
2030;0;0
2031;15320425;61963082000
2032;474396;60000381000
2033;8680;13981000
2034;408287;60000266000
2035;70;3198000
2036;5;723000
2037;280;3395000
2038;240234;451939000
2039;0;0
2040;3817;45653000
2041;0;0
2042;35092;179850000
2043;0;0
2044;67586;327628000
2045;3;638000
2046;67585;267929000
2047;6811;50022000
2048;107312;257134000
2049;8934;86790000
2050;0;50000
2051;231;5668000
2052;524;10492000
2053;744;5130000
2054;0;0
2055;19152;103962000
2056;46968;97222000
2057;5749;118411000
2058;536;11722000
2059;379;9827000
2060;6805;46006000
2061;5775;27531000
2062;5032;57335000
2063;36;1596000
2064;6;553000
2065;8;588000
2066;311;8741000
2067;0;0
2068;171940;1257467000
2069;5405;65200000
2070;4551668;11051426000
2071;4184729;23962488000
2072;4196850;23389400000
2073;301;9476000
2074;226;4687000
2075;55;3113000
2076;7863130;61442119000
2077;7863130;61334274000
2078;260512;781215000
2079;2383;47989000
2080;212029;527425000
2081;102312;514333000
2082;1823;28608000
2083;28841;166211000
2084;0;351000
2085;9848867;63512269000
2086;7348;184670000
2087;6805;106128000
2088;10533;112817000
2089;35878;407756000
2090;2097764;15793784000
2091;35937;262331000
2092;4;420000
2093;1959641;60001583000
2094;16473;125484000
2095;16473;87412000
2096;75728;507427000
2097;19954;178692000
2098;121585;213076000
2099;110430;686967000
2100;19634;203308000
2101;307859;591737000
2102;10779;47125000
2103;42092;303437000
2104;41493141;60051039000
2105;8674998;21714687000
2106;5361;67781000
2107;4;738000
2108;8675425;21616951000
2109;7324050;43395524000
2110;1;389000
