\begin{filecontents}{q5-ring-pos.dat}
0.002512
0.001657
0.000956
0.000483
0.001063
0.002674
0.000924
0.001876
0.000542
0.001762
0.000949
0.00115
0.001268
0.002632
0.00085
0.001831
0.000616
0.000856
0.00047
0.001418
0.000628
0.001376
0.001339
0.000945
0.000799
0.000902
0.00043
0.002229
0.000721
0.001006
0.000464
0.000369
0.00036
0.00041
0.00031
0.000312
0.00051
0.00039
0.001028
0.000421
0.000391
0.000344
0.000387
0.000699
0.000751
0.000936
0.001826
0.000634
0.000785
0.00082
0.000537
0.000586
0.000914
0.001012
0.000421
0.000648
0.000694
0.000463
0.000706
0.000622
0.000624
0.001425
0.000977
0.000719
0.000878
0.000994
0.001019
0.000542
0.000806
0.002866
0.000844
0.000878
0.001127
0.001157
0.000624
0.00086
0.000566
0.000882
0.000719
0.000852
0.000517
0.000999
0.000801
0.000616
0.000696
0.000848
0.001703
0.001059
0.000663
0.000463
0.000816
0.000638
0.112817
0.00042
0.125484
\end{filecontents}