\begin{filecontents}{q3-ring-pos.dat}
0.328257
0.023501
0.035178
0.740285
0.607515
0.719536
3.63888
0.689648
0.014639
0.673621
0.013785
0.020638
1.00855
0.032823
0.006224
3.13986
1.74704
1.68124
0.750142
1.37714
0.930991
0.04673
0.149299
0.143593
0.199974
0.809278
2.8188
0.33177
0.274883
0.006031
0.792264
0.033124
0.107563
0.001948
0.017414
0.126752
1.95834
0.003592
0.214152
0.043719
0.543601
0.855207
0.055872
0.4776
0.02443
0.417578
0.376969
0.144612
0.230026
0.013717
0.267985
0.080851
0.041089
1.84022
0.010306
0.230877
0.253112
0.124034
0.062848
0.127553
0.155457
0.024548
0.388234
0.304565
0.709086
0.271239
0.074702
0.236871
0.057956
0.034848
0.494739
2.51362
0.647494
0.000808
0.050648
0.246387
0.025247
0.30774
0.00101
0.187958
0.063582
0.058566
0.023546
0.001655
0.068137
0.094305
0.036829
0.049604
0.102661
0.096125
2.22846
0.453305
0.011673
0.006516
0.208546
0.302065
0.250864
0.048923
0.003179
1.3334
0.56915
0.023863
0.009827
0.001596
0.008741
0.009476
0.213076
\end{filecontents}