1.38576
11.7741
60
6.74974
2.73194
60
6.04262
30.4755
0.793141
1.79376
19.4142
2.03483
0.160863
0.787632
11.6863
0.396452
0.011717
0.52903
0.130179
0.034102
0.322917
60
2.95143
9.7749
0.088778
8.91178
5.07234
0.200129
3.71391
7.49582
0.337204
0.429793
0.256049
42.062
0.125071
20.766
60
1.22955
0.093606
2.48684
0.838904
0.027648
0.077654
1.78638
1.17362
60
4.45528
17.8126
7.63071
2.45383
2.71733
60
10.3117
5.5163
0.324577
5.26123
3.64499
60
1.26123
0.024271
0.06902
2.63384
1.65537
3.0439
3.443
0.005524
0.001298
0.001066
0.000942
4.25076
0.015798
0.02937
0.360544
7.23835
3.57581
1.10983
2.63042
0.135255
5.66283
7.40228
11.6303
0.373976
60
0.916539
22.4672
1.14033
0.17985
0.514333
