\begin{filecontents}{q4-ring-pos.dat}
0.000255
0.000272
0.000334
0.000546
0.000603
0.003208
0.001323
0.001477
0.002269
0.105166
0.002263
0.000724
0.000859
0.000503
0.000489
0.000426
0.0003
0.000403
0.000674
0.000428
0.000348
0.00045
0.000511
0.000367
0.000309
0.000349
0.000331
0.000652
0.000501
0.00045
0.000378
0.000237
0.000339
0.00051
0.000389
0.000447
0.000306
0.000231
0.000362
0.000398
0.000278
0.000505
0.000355
0.000359
0.000407
0.000367
0.000352
0.000371
0.000318
0.000355
0.000335
0.000556
0.00054
0.000457
0.000347
0.000261
0.000363
0.000395
0.65433
0.001009
0.000634
0.00081
0.000597
0.000599
0.000596
0.000928
0.000919
0.000145
0.000997
0.000678
0.000573
0.000742
0.000436
0.000194
0.000673
0.000766
0.000606
0.657226
0.095795
0.000847
0.00093
0.000415
0.662338
0.000549
0.000529
0.000857
0.000611
0.000126
0.001974
0.000652
0.103178
0.096617
0.00037
0.103759
0.001087
0.00064
0.000723
0.000738
\end{filecontents}