\begin{filecontents}{q2-ring-pos.dat}
0.000173
1.47919
0.125831
0.13591
0.007884
0.030964
0.017815
0.021879
0.326434
0.508127
0.894157
0.047944
0.041622
1.30099
0.179437
0.001653
0.006959
0.00029
0.000122
0.345827
0.0878
0.044297
0.030567
0.105443
0.003003
0.005117
0.015204
0.001105
0.053895
0.002994
0.706082
0.000199
0.043031
0.659011
0.16227
0.239893
1.62626
0.915498
0.0103
0.694283
0.847083
0.028213
0.000594
0.009018
0.239855
0.002446
0.095511
0.000642
0.187635
0.07929
0.037673
1.74911
0.007742
0.092864
0.039667
0.04578
0.035959
0.011287
0.002505
0.021927
0.264503
0.005413
0.129129
0.004665
0.045357
0.098178
0.031595
0.001142
0.000382
0.038294
0.01486
0.015629
0.052481
0.706062
0.907056
0.125327
0.007932
0.027672
0.170666
0.738044
0.001014
0.22823
3.65785
0.000156
0.004105
0.59077
0.000186
0.005808
0.279354
0.002772
0.00149
0.002376
1.84813
0.113847
0.508282
0.071257
0.026891
0.007264
0.037993
0.015157
0.00585
0.004003
0.11599
0.18581
0.005954
0.006988
0.000251
1.527
0.000777
0.001779
0.23707
0.018907
0.149874
0.003063
0.310379
0.00839
0.000634
0.011701
0.014305
0.145816
0.0755
0.263539
0.000991
0.014917
0.001279
0.003754
0.000755
0.006871
0.00078
0.437161
0.996192
3.76742
2.72703
0.009735
0.671744
0.000407
0.022017
0.000327
0.004956
2.79055
0.017919
0.043413
0.013537
0.013401
0.019969
0.012262
0.014183
0.009126
0.005413
0.00048
0.000923
0.468994
0.097294
0.004517
0.669602
0.531521
0.722418
1.01215
0.365041
0.042347
0.117022
0.026139
0.452245
0.027435
0.141752
0.000197
0.001342
0.10102
0.095944
0.082636
0.03444
0.124145
0.000283
0.761907
0.011819
0.010238
0.002559
1.04584
0.010394
0.000157
0.002818
0.040418
0.050435
0.000307
0.023534
0.208855
0.030092
0.001791
0.00598
0.009902
0.004547
0.041912
0.003055
0.025256
0.018142
0.021306
0.052761
0.011404
0.003183
0.24069
0.30014
1.35161
0.009464
0.000842
0.656435
0.064841
0.702101
0.018045
0.018844
0.216122
0.019273
0.001253
0.221384
0.002923
0.004404
0.000114
0.062953
0.018404
0.007596
0.005824
0.014736
0.002801
0.005596
0.001869
0.004324
0.001229
0.008447
0.002498
0.00478
0.022979
0.105506
2.26781
0.010633
0.24793
0.013975
0.127899
0.255799
0.126188
0.830954
0.00122
0.335897
0.106146
0.004993
0.023289
0.159576
0.016304
0.253236
0.681152
0.033851
0.005555
0.011087
0.019044
0.17772
0.204986
0.077128
0.000217
0.019971
0.009022
0.000814
0.932294
0.092957
0.001728
0.000944
0.000462
0.543199
0.001125
0.02943
0.003403
0.0011
1.47584
0.001183
0.233335
0.139994
0.003355
0.049672
0.001387
0.00039
0.001046
0.022846
1.85155
0.461825
0.060457
0.061879
0.005904
0.000644
0.001171
0.000778
0.056302
0.001139
0.000595
0.001544
0.002104
0.000148
0.000117
0.003863
0.00318
0.001234
0.013087
0.760591
0.598222
0.712911
0.031001
0.399186
0.125745
0.106823
0.006257
0.027906
0.126683
0.050492
0.01674
0.018313
0.00074
0.000419
0.000461
0.010056
0.205823
0.011991
0.978679
0.000186
0.031906
0.006131
0.041714
0.010104
0.234862
0.066982
0.019842
0.055286
0.022504
0.053339
0.00315
0.111793
0.750896
0.087956
0.024306
0.007723
0.006115
0.002018
0.000907
0.024789
0.099882
0.000196
0.000114
0.000259
0.00482
0.001227
0.000171
0.008992
0.000155
0.000195
0.00086
0.020794
0.453729
0.171592
0.573323
0.412906
0.00058
0.001282
1.10089
0.015335
0.047854
0.012042
0.154338
0.100946
0.055091
3.06906
3.04174
0.000613
0.000117
0.000487
0.353052
0.074269
0.000166
0.000231
0.000219
0.002493
0.00553
0.048653
0.019225
0.252521
0.001873
0.006742
0.094314
0.024834
0.100149
0.098726
0.031283
0.041394
0.127935
0.002486
0.005309
0.022511
0.02256
0.101257
0.011961
0.000844
0.01736
0.000155
0.000124
0.008944
0.187603
0.008922
0.000159
0.0637
0.024714
0.065475
0.002818
0.013981
0.451939
0.327628
0.005668
0.010492
0.103962
0.046006
0.057335
0.004687
0.047989
0.527425
0.028608
0.178692
0.047125
0.067781
\end{filecontents}