0.258815
0.000173
1.47919
0.125831
0.13591
0.007884
0.1835
0.744227
0.032357
0.013725
0.030964
0.017815
0.104233
0.108792
0.000255
0.021879
0.059032
0.326434
0.15367
0.328257
0.508127
0.014179
0.894157
2.31067
0.047944
0.286778
0.041622
1.23344
1.30099
0.023501
0.035178
0.740285
0.179437
0.00868
0.001653
1.07167
0.294669
0.618882
0.31697
0.730688
0.607515
0.719536
0.006959
0.00029
0.000122
0.968138
0.345827
0.0878
0.095873
0.044297
0.363486
0.393858
0.000272
0.030567
0.105443
0.003003
0.005117
0.000334
0.000546
0.015204
0.000603
0.044425
0.001105
0.009407
1.02148
0.053895
0.002994
0.007802
0.706082
0.000199
2.0661
0.045977
2.75011
0.043031
0.053981
0.659011
0.018931
0.16227
0.041295
0.05983
0.239893
0.043605
2.46578
1.62626
0.915498
0.0103
0.025965
0.694283
0.847083
0.529495
0.175728
0.028213
0.000594
0.009018
0.239855
0.002446
0.095511
0.000642
0.317918
0.187635
0.07929
0.037673
1.2371
0.132767
1.74911
0.120297
0.095652
0.041964
3.63888
0.007742
0.040263
0.092864
0.084922
0.039667
0.10854
0.04578
0.209807
0.689648
0.014639
0.673621
0.035959
0.08204
0.011287
0.927895
0.120753
0.918238
0.041699
0.05392
0.013785
0.349955
0.002505
0.627465
0.021927
0.264503
0.020638
0.005413
0.129129
0.004665
0.045357
1.00855
0.098178
0.031595
0.001142
0.000382
0.038294
0.000759
0.006271
0.032823
0.86144
0.006224
0.01486
0.059237
0.003208
0.015629
0.147962
0.098676
0.495802
0.052481
0.275994
0.706062
0.071535
0.013852
0.405836
0.856777
0.385419
0.11359
0.907056
0.125327
0.004697
0.089488
0.149034
0.000815
0.064016
0.007932
0.012997
0.00874
0.027672
3.13986
0.411435
0.170666
0.004161
0.466402
1.13418
0.010991
0.407832
1.38955
0.036305
0.541463
1.85108
0.075112
0.77888
1.74704
0.738044
0.014232
0.001014
0.22823
1.68124
0.750142
1.31364
2.06064
0.591685
0.562994
0.051089
3.65785
0.000156
0.198979
0.004105
0.59077
0.000186
0.008885
0.005808
0.103441
0.279354
0.061097
0.000864
0.002059
0.322232
4.06959
0.002772
1.37714
0.930991
0.00149
0.002376
1.84813
0.113847
0.508282
0.071257
0.002512
0.001657
0.026891
0.041233
0.002269
0.353832
0.001323
0.001477
0.024581
0.115804
0.007264
0.088008
0.056546
0.009692
0.559589
0.004733
0.037993
0.015157
0.00585
0.004003
0.121856
1.24492
2.92227
0.000274
0.11599
0.18581
0.124593
0.005954
1.81227
0.006988
0.056392
0.259739
0.086204
0.008731
0.000211
0.005153
0.002492
0.000251
1.527
0.432909
0.000777
0.001779
0.23707
0.664871
0.43706
0.037303
0.222738
0.04673
0.0684
0.042299
0.000376
0.018907
0.149299
0.509579
0.016111
0.149874
0.056663
0.143593
0.003063
1.40515
0.797256
0.199974
0.310379
0.00839
0.163583
0.809278
0.000634
0.011701
0.014305
0.145816
0.003764
0.006209
0.280928
0.134278
0.0755
0.263539
0.000991
0.014917
0.001279
0.003754
0.000755
0.006871
0.00078
2.81757
1.1195
0.437161
0.996192
0.258557
0.002525
3.76742
2.72703
2.8188
0.33177
0.274883
0.729477
4.41492
0.006031
0.031824
0.009735
0.671744
0.096824
0.048692
0.110089
0.029957
0.192942
0.191157
0.038553
0.121668
0.000407
0.008683
0.05116
0.792264
0.119629
0.022017
0.000327
0.000956
0.000483
0.000428
0.00043
0.000432
0.000435
0.034481
0.000801
0.000495
0.000669
0.000473
0.038587
0.152637
1.49519
0.002363
0.867837
1.23105
0.138736
1.40108
0.676559
1.55263
0.142643
0.004956
0.000635
0.000429
0.273465
0.560893
0.827635
0.033124
0.10495
2.79055
0.017919
0.043413
0.002269
0.022446
0.107563
0.013537
0.013401
0.019969
0.012262
0.014183
0.009126
0.606783
0.064547
0.283232
0.168091
0.001948
0.002152
0.089969
1.27691
0.072739
1.25683
0.602636
1.55279
1.63661
0.036284
0.107594
0.597047
0.236822
0.142899
0.049601
0.001918
0.005413
0.00048
0.000923
1.41178
1.39896
0.468994
1.47723
1.05961
0.097294
0.017414
0.004517
0.553697
0.016466
1.48783
0.770305
0.301365
0.669602
0.531521
0.722418
1.01215
0.365041
0.03823
0.042347
0.117022
0.026139
0.0085
0.452245
0.125731
0.000647
0.027435
0.141752
0.000197
0.004486
1.48094
0.045793
0.001342
0.105166
0.10102
0.013992
0.602194
0.088201
0.09188
0.095944
0.243254
0.000343
0.082636
0.03444
0.233712
0.126752
1.95834
0.003592
0.124145
0.000283
0.042913
0.289984
0.761907
0.011819
0.48068
0.629103
0.001063
0.030577
0.010238
0.035744
0.002559
1.04584
0.010394
0.050323
0.019325
0.092782
0.000157
0.002818
0.214152
0.010216
0.002977
0.040418
0.054782
0.050435
0.000307
0.023534
0.208855
0.017659
0.003953
0.003668
0.092204
0.003692
0.000432
0.958165
0.030092
0.323755
0.001791
0.006514
0.355244
0.00598
0.009902
0.004547
0.043719
0.041912
0.003055
0.025256
0.018142
0.023238
0.235263
0.021306
0.007698
0.869381
1.18294
0.052761
0.011404
0.85184
0.001554
0.000835
0.003183
0.24069
0.30014
1.76676
1.57049
2.0521
0.40243
0.128423
1.35161
0.009464
0.428944
5.36407
0.000842
0.391234
0.390813
0.084046
0.060153
0.027275
2.86349
0.002263
0.543601
0.855207
0.032709
0.656435
0.055872
0.126563
0.4776
0.02443
0.417578
0.376969
0.002674
0.227522
1.20705
0.162055
0.351338
0.090532
0.144612
0.014846
0.064841
0.702101
0.018045
0.230026
0.013717
0.267985
0.003683
0.022756
0.007887
0.462114
0.287056
0.103005
0.018844
1.03455
0.522065
0.00268
0.216122
0.080851
0.011076
0.019273
0.001253
2.34315
0.624698
0.143277
0.041089
0.008771
0.083481
0.015855
30.6213
0.248999
1.84022
0.010306
0.230877
0.253112
0.124034
0.062848
0.574882
1.84703
0.2398
0.012187
0.221384
0.002923
0.004404
0.000114
0.009129
0.127553
0.128661
0.562562
0.028289
0.778919
0.062953
2.52334
0.000924
0.018404
0.001876
0.008966
0.000542
0.155457
0.000724
0.007596
0.005824
0.059819
0.000859
0.000503
0.014736
0.000489
0.000426
0.0003
0.000403
0.005154
0.000674
0.001762
0.002801
0.000428
0.000348
0.00045
0.000511
0.000367
0.000309
0.000949
0.00115
0.000349
0.000331
0.000652
0.000501
0.005596
0.00045
0.000378
0.000237
0.000339
0.001869
0.004324
0.00051
0.000389
0.001229
0.000447
0.000306
0.000231
0.000362
0.000398
0.008447
0.000278
0.000505
0.000355
0.000359
0.000407
0.000814
0.000367
0.000352
0.000371
0.002498
0.000318
0.000355
0.001268
0.000335
0.070785
0.000556
0.00478
0.00054
0.000457
0.000347
0.000261
0.000363
0.000395
0.022979
0.004663
0.002985
0.002632
0.00085
0.089076
0.001831
0.000616
0.000856
0.00047
0.001418
0.000628
0.24582
0.001376
0.001339
0.024548
0.105506
0.072612
2.26781
0.010633
0.24793
0.013975
0.127899
0.000945
0.282952
0.255799
0.126188
0.830954
0.00122
0.335897
0.000861
0.342044
1.56644
0.106146
0.017382
0.274705
0.094752
0.034703
0.388234
0.002236
0.963731
0.267625
0.004993
11.0638
0.002654
0.00766
0.254362
0.178567
0.279879
0.023289
0.567327
0.000799
0.159576
0.578315
0.290013
0.010315
0.693897
0.412099
0.258994
0.626357
0.040746
0.0211
0.025001
0.001368
0.000875
0.000641
0.001357
0.000345
0.167347
0.078352
0.016304
0.002863
0.253236
0.65433
0.681152
0.304565
0.019063
0.078603
0.000902
0.00043
5.71762
0.30885
0.002575
0.033851
0.002229
0.005555
0.001009
0.000634
0.011087
0.000721
0.00081
0.015796
0.023698
0.000456
0.019044
0.109212
0.17772
2.13213
0.001781
0.001006
0.000464
0.000369
0.00036
0.00041
0.00031
0.000312
0.00051
0.00039
0.014158
3.37849
0.709086
4.19421
0.001028
0.000421
0.000391
0.000344
0.000387
0.038826
0.009009
0.000699
0.000447
0.000751
0.456275
0.204986
0.077128
0.006495
0.077828
0.000217
0.001656
0.006803
0.21582
0.000936
0.019971
0.009022
7e-05
0.271239
0.124459
0.001826
0.000634
0.000785
0.000814
4.25608
0.594701
1.20346
1.17689
0.00082
0.000537
0.000586
0.020186
0.007043
0.002953
0.002657
0.002606
0.031529
0.074702
0.185028
0.000658
0.700784
2.16134
0.034902
0.360253
2.9e-05
0.037533
0.000643
0.434047
0.000914
0.932294
0.001012
0.000421
0.040366
0.001394
0.662551
0.112628
0.092957
0.276354
0.016157
0.000648
0.453149
0.444834
0.001728
0.000694
0.000463
0.143575
0.236871
0.009031
0.027582
0.057956
0.771747
0.758101
0.00066
0.000673
0.034848
0.342257
0.089047
0.048716
0.202674
0.061716
0.000706
0.250256
0.039899
0.000622
0.097524
0.000944
0.000462
0.119117
0.011731
1.13893
0.543199
0.021137
0.000592
0.033342
0.000597
0.006046
0.000624
0.001425
0.901061
0.496673
0.000704
0.00198
0.014804
0.000977
0.005497
0.001125
0.02943
0.003403
0.11463
0.039289
0.000458
0.000719
0.08842
0.0011
1.47584
0.001183
0.000599
0.013932
0.006737
0.063944
0.002155
0.005488
0.409533
0.703519
0.014312
0.233335
0.21402
0.139994
0.42006
0.056374
0.003355
0.000878
0.049672
0.001387
0.00039
0.001046
0.022846
1.85155
0.461825
0.060457
0.061879
0.000994
0.016422
0.01668
0.040412
0.053905
0.036097
0.168397
0.058744
0.315723
0.018234
0.005904
0.000644
0.001171
0.000778
4.24404
0.056302
0.001195
0.005125
0.001019
0.000596
0.001139
0.000595
0.001544
0.007603
0.002104
1.69061
1.44421
0.11343
0.000148
0.000117
0.003863
1.29186
0.000928
0.787898
0.004896
0.003577
0.008367
0.001261
0.000443
0.020789
0.4527
1.25016
0.014148
0.009809
0.00318
0.000542
0.035593
0.271246
0.001234
0.003832
0.016155
0.005912
0.013087
0.000919
0.000145
2.30455
0.494739
2.51362
0.337919
0.000997
0.000678
0.298223
0.760591
0.598222
0.712911
0.131675
0.036765
0.009416
0.151753
0.004586
0.001377
0.005224
0.006105
0.000806
0.031001
0.002866
0.399186
0.125745
0.106823
0.000844
0.006257
0.006625
0.00093
0.647494
0.205567
0.001034
0.809294
1.05223
0.689758
0.742572
0.223954
0.201402
0.044047
1.21713
0.004142
0.068651
0.719618
0.17066
0.267976
0.000878
0.286958
0.187085
0.000526
0.003025
0.004104
0.012218
0.000753
0.000718
0.00036
0.037279
0.000573
1.21206
0.000808
0.027906
0.126683
0.050492
0.001053
0.402866
0.000742
0.000436
0.01674
0.000231
0.391853
0.022022
0.018313
0.038623
0.052306
0.00074
2.30543
0.287153
0.005216
0.119685
2.78985
0.001127
0.000419
0.000461
0.010056
0.000282
0.002038
0.001157
0.050648
0.000194
0.246387
0.035175
0.025247
0.477866
0.205823
0.035795
0.000624
0.000258
0.011991
0.978679
0.006693
0.255162
0.012737
0.290861
0.013287
0.505822
0.052121
0.000673
0.001642
0.002194
1.49594
0.292786
0.008582
0.003298
0.000897
0.000883
0.001047
0.000186
0.00086
0.30774
0.110636
0.000766
0.000606
0.000566
0.192845
0.065151
0.657226
0.031906
0.205674
0.095795
0.006131
1.09271
0.041714
0.00101
0.00194
0.004732
0.010104
0.062112
0.234862
0.187958
0.091918
0.27803
0.632859
0.066982
0.019842
0.102498
0.063582
0.065302
0.02417
0.061213
0.023057
0.055286
0.022504
0.053339
0.001384
0.000528
0.058566
0.023546
0.03893
0.034686
0.000676
0.000417
0.05865
0.024142
0.000614
0.000483
0.001995
0.000346
0.00315
0.001655
0.020905
0.209648
0.111793
0.750896
0.588555
0.000882
0.087956
0.000847
0.07349
0.024764
0.024306
0.007723
0.006115
0.002018
0.000907
0.024928
0.068137
0.280474
0.720805
0.024789
1.70206
1.23474
0.002045
0.099882
0.522738
0.377726
0.052751
0.000196
0.000114
0.00079
0.000259
0.012885
0.000135
0.39204
0.043134
0.027622
0.094305
0.935381
1.93923
0.00995
1.25913
0.036829
0.00093
0.00482
0.000719
0.000415
0.007047
0.001227
0.662338
0.000171
0.045416
0.003451
0.008553
0.008992
0.035366
0.000155
0.000195
0.268998
0.00086
1.35527
0.049604
0.794544
0.000852
0.000549
0.000529
0.426336
1.48709
0.000517
0.001024
0.020794
0.453729
0.171592
0.573323
0.003757
0.102661
0.096125
1.31051
2.22846
0.044318
0.08234
0.319976
0.172609
0.000999
0.453305
0.412906
0.000857
0.000611
0.000126
0.417597
0.001974
0.000652
0.011673
0.00058
0.001282
0.008329
1.10089
0.344592
0.115952
0.331258
1.47136
0.174154
0.166567
0.133148
0.668475
0.101671
0.215525
0.149464
0.198803
0.332062
0.110465
0.084011
0.196101
0.755834
0.109598
0.09912
0.435005
0.181728
0.128384
0.115702
0.139851
0.226544
0.059209
0.490668
0.176934
1.46986
0.062722
0.048937
0.015335
0.083001
0.047854
0.012042
0.034997
0.059692
0.04472
0.004239
0.033805
0.000801
0.000616
0.002933
0.154338
0.276859
0.100946
0.055091
3.06906
3.04174
0.001518
0.000613
0.000117
0.279001
0.01268
0.009959
0.344104
0.013196
0.000487
0.353052
0.046721
0.001603
0.031939
0.008978
0.074269
0.000166
0.000231
0.005098
0.327866
0.165057
0.172774
0.120244
0.039279
0.068752
0.019763
0.000219
0.006516
0.002493
0.00553
0.000696
0.123913
0.048653
0.019225
0.252521
0.001873
0.006742
0.094314
0.024834
0.010597
0.011933
0.001564
0.208546
1.9015
0.583963
0.000848
3.13377
0.795025
0.705176
0.023412
0.007656
0.001214
0.005231
0.103178
0.100149
0.096617
0.098726
0.031283
0.062218
0.041394
0.26326
0.000966
0.001703
0.008444
0.127935
0.020743
0.001059
0.002486
0.012044
0.035825
0.158334
0.00037
0.001454
0.013141
0.145927
0.005931
0.005309
0.000535
0.000663
0.000463
0.022511
0.02256
0.103759
0.101257
0.011961
0.011685
0.302065
0.250864
0.048923
0.003179
0.202839
0.257429
0.000844
0.01736
0.000155
0.116479
0.095162
0.015091
0.089113
0.042676
0.359653
0.001897
0.042952
0.001087
0.006786
0.000816
0.320102
0.067573
0.030336
0.002618
0.000567
0.000124
0.008944
0.187603
3.21465
0.427941
1.3334
0.103134
0.005615
0.00064
0.183465
0.686075
0.008922
1.31191
0.202155
0.013933
0.053129
0.000159
0.067902
0.0637
0.05514
0.56915
0.302563
0.024714
0.023863
0.010864
0.013279
0.065475
0.002818
0.082685
0.013981
0.003198
0.000723
0.003395
0.451939
0.045653
0.327628
0.000638
0.267929
0.050022
0.257134
0.08679
0.005668
0.010492
0.00513
0.103962
0.097222
0.118411
0.011722
0.009827
0.046006
0.027531
0.057335
0.001596
0.000553
0.000588
0.008741
1.25747
0.0652
0.009476
0.004687
0.003113
0.781215
0.047989
0.527425
0.028608
0.166211
0.18467
0.106128
0.112817
0.407756
0.262331
0.00042
0.125484
0.507427
0.178692
0.213076
0.686967
0.203308
0.591737
0.047125
0.303437
0.067781
0.000738
