\begin{filecontents}{q1-ring-pos.dat}
0.258815
0.744227
0.032357
0.013725
0.104233
0.108792
0.059032
0.15367
0.014179
2.31067
0.286778
1.23344
0.00868
1.07167
0.294669
0.618882
0.31697
0.730688
0.968138
0.095873
0.363486
0.044425
0.009407
1.02148
0.007802
2.0661
0.045977
2.75011
0.053981
0.018931
0.041295
0.05983
2.46578
0.529495
0.175728
0.317918
1.2371
0.132767
0.120297
0.095652
0.041964
0.10854
0.209807
0.08204
0.927895
0.120753
0.918238
0.05392
0.349955
0.627465
0.000759
0.006271
0.86144
0.059237
0.147962
0.098676
0.495802
0.275994
0.071535
0.013852
0.405836
0.856777
0.385419
0.004697
0.149034
0.000815
0.064016
0.411435
0.466402
1.13418
0.010991
0.407832
1.38955
0.036305
0.541463
1.85108
0.075112
0.77888
0.014232
1.31364
0.562994
0.051089
0.008885
0.061097
0.000864
4.06959
0.041233
0.002269
0.115804
0.056546
0.559589
0.004733
0.121856
1.24492
1.81227
0.43706
0.037303
0.0684
0.509579
0.056663
1.40515
0.797256
0.163583
0.003764
0.006209
0.280928
0.134278
2.81757
1.1195
0.258557
0.002525
0.048692
0.110089
0.029957
0.192942
0.038553
0.008683
0.05116
0.119629
0.034481
0.038587
0.152637
1.49519
0.002363
0.867837
1.23105
0.138736
1.40108
0.676559
1.55263
0.142643
0.000635
0.000429
0.273465
0.10495
0.022446
0.064547
0.283232
0.168091
0.002152
0.089969
1.27691
0.072739
1.25683
0.602636
1.55279
1.63661
0.597047
0.236822
0.142899
0.049601
0.001918
1.41178
1.39896
1.47723
1.05961
0.553697
0.016466
1.48783
0.770305
0.301365
0.03823
0.125731
0.000647
0.004486
1.48094
0.045793
0.013992
0.243254
0.233712
0.289984
0.48068
0.629103
0.030577
0.035744
0.019325
0.092782
0.010216
0.054782
0.323755
0.006514
0.355244
0.023238
0.235263
1.18294
0.000835
1.76676
2.0521
0.40243
0.428944
5.36407
0.390813
0.084046
0.060153
0.027275
0.126563
0.090532
0.014846
0.022756
0.007887
0.462114
0.287056
0.103005
1.03455
0.522065
0.00268
2.34315
0.624698
0.143277
0.015855
0.248999
1.84703
0.2398
0.012187
0.009129
0.128661
0.562562
0.028289
0.778919
2.52334
0.008966
0.005154
0.070785
0.089076
0.24582
0.072612
0.282952
0.000861
0.342044
1.56644
0.017382
0.274705
0.00766
0.254362
0.178567
0.567327
0.578315
0.290013
0.693897
0.412099
0.258994
0.626357
0.040746
0.0211
0.025001
0.001368
0.000875
0.000641
0.001357
0.000345
0.078352
0.002863
0.019063
0.078603
3.37849
4.19421
0.038826
0.009009
0.006495
0.077828
0.001656
0.006803
0.21582
0.594701
0.020186
0.031529
0.034902
0.434047
0.112628
0.016157
0.453149
0.444834
0.143575
0.00066
0.000673
0.342257
0.089047
0.048716
0.202674
0.061716
0.097524
0.119117
0.011731
1.13893
0.021137
0.000592
0.033342
0.006046
0.901061
0.496673
0.000704
0.00198
0.014804
0.005497
0.11463
0.039289
0.000458
0.08842
0.013932
0.006737
0.063944
0.005488
0.409533
0.703519
0.014312
0.21402
0.016422
0.01668
0.053905
0.036097
0.168397
0.058744
0.315723
0.018234
0.001195
0.11343
0.787898
0.004896
0.003577
0.008367
0.001261
0.000443
0.020789
0.4527
1.25016
0.014148
0.009809
0.035593
0.271246
0.003832
0.016155
0.337919
0.005224
0.006105
0.006625
0.00093
0.205567
0.004142
0.068651
0.286958
0.012218
0.000753
0.000718
0.00036
0.037279
1.21206
0.402866
0.391853
0.022022
0.038623
0.052306
0.287153
0.005216
0.119685
0.000282
0.035175
0.477866
0.000258
0.001642
0.110636
0.065151
0.205674
1.09271
0.00194
0.004732
0.062112
0.091918
0.27803
0.102498
0.588555
0.024928
1.70206
0.522738
0.00995
0.007047
0.045416
0.003451
0.008553
0.035366
0.268998
1.35527
0.794544
0.003757
1.31051
0.044318
0.319976
0.172609
0.417597
0.083001
0.002933
0.276859
0.01268
0.046721
0.001603
0.005098
0.327866
0.165057
0.172774
0.068752
0.010597
0.011933
1.9015
0.001214
0.005231
0.062218
0.26326
0.000966
0.008444
0.020743
0.158334
0.013141
0.145927
0.005931
0.000535
0.011685
0.202839
0.257429
0.116479
0.095162
0.089113
0.359653
0.001897
0.042952
0.006786
0.002618
0.103134
0.183465
0.686075
0.067902
0.05514
0.302563
0.010864
0.082685
0.003198
0.003395
0.045653
0.267929
0.050022
0.257134
0.00513
0.097222
1.25747
0.0652
0.781215
0.166211
0.262331
0.507427
0.686967
0.591737
0.303437
\end{filecontents}