\begin{filecontents}{q22-logicblox.dat}
4.2879
2.6323
2.4114
1.3656
15.0994
5.6936
60
60
1.0063
2.7347
60
2.4276
60
1.0847
2.4275
60
60
1.3875
1.3276
60
60
60
60
18.75
21.9266
14.6275
12.8683
2.3437
2.126
18.016
3.6233
60
2.4087
1.4472
4.2635
1.3902
1.1299
8.6903
1.1232
1.1129
1.17
11.7195
32.6027
1.2622
2.7519
1.199
1.3212
60
15.9751
1.1235
14.8892
60
60
2.8664
2.4057
2.404
2.3287
4.1258
2.7597
0.0341
60
1.1887
2.6737
11.3877
4.0936
2.6243
16.3685
18.3082
2.6337
2.5916
1.0781
2.8297
3.0017
1.3699
2.8508
2.7662
14.3883
2.7471
3.1102
2.4228
4.8014
6.6847
3.9204
2.4675
1.5793
2.7491
6.0791
1.5046
1.6662
29.6472
2.8163
60
60
1.4109
1.9822
1.2709
1.2518
10.3205
4.9668
2.5747
2.1755
3.4942
2.989
60
60
2.8011
2.247
1.287
1.2828
2.9338
2.268
60
60
60
60
3.0404
2.2791
1.6845
7.2483
6.439
1.2402
7.4025
5.8997
4.9245
10.7921
26.8807
9.6077
2.0944
60
4.9282
4.6821
0.0798
8.3993
8.9712
9.4306
10.3925
3.2903
11.6879
1.1664
2.3961
2.7339
15.0776
25.1575
15.5902
2.5636
3.021
2.5413
2.2443
60
60
60
2.2939
1.3492
1.4896
1.7268
3.4584
60
2.3422
\end{filecontents}