\begin{filecontents}{q1-logicblox.dat}
4.1011
3.9041
2.9131
2.7959
2.4807
2.4092
2.4044
2.5912
2.3207
8.6946
2.5413
5.5366
2.6064
14.7039
3.1744
3.829
3.0519
3.3523
4.2401
2.403
2.6478
2.9443
2.3985
3.9807
2.4374
4.7583
2.3437
5.6456
2.2715
2.3886
2.3453
2.4965
5.5679
3.9818
3.0944
2.8273
5.6904
2.7692
2.3461
2.2946
2.335
3.0267
2.9433
2.4004
6.5801
2.4711
7.0667
2.3125
3.2889
4.039
1.324
2.7293
3.8667
2.4124
3.0025
2.8443
4.8332
2.952
2.3561
2.37
2.8691
4.0521
2.7756
2.3165
3.7452
2.8697
2.7992
3.6873
2.9633
4.2256
2.4486
3.8248
25.0806
2.882
3.444
6.2011
2.322
6.4836
2.8077
3.672
4.712
2.3026
2.342
2.471
2.2663
7.0724
2.785
1.1548
2.5161
2.419
3.2728
2.2041
2.7489
5.3884
3.8293
3.0857
2.4407
2.5418
2.8438
2.6512
6.9907
4.3145
2.4389
1.3802
1.3565
3.1689
2.9104
6.5014
5.1383
3.3509
1.2352
2.3632
2.4229
2.408
12.2274
3.2426
2.4148
2.3877
2.8085
2.4358
2.2834
2.3857
25.5662
1.3964
4.3002
14.9148
2.7248
17.1271
4.5824
7.0297
2.6139
1.1378
1.1016
4.6035
2.3118
2.3916
2.9554
3.4945
2.4815
2.2818
2.5058
5.1741
2.5334
19.9398
4.5968
5.9097
22.7212
4.3082
3.181
2.5362
2.4489
2.4364
19.5731
22.7676
25.9568
19.5934
5.2687
2.8403
24.7818
8.943
3.4002
2.5668
2.4631
1.1966
2.3802
23.9576
2.5648
2.3661
2.5485
3.2997
2.9297
2.8711
4.3745
2.4365
2.3108
2.6821
2.4383
2.3311
10.9483
2.6352
2.2401
2.7381
2.7386
3.4892
4.3
2.719
5.173
7.8801
4.8561
2.9668
5.0771
3.66
2.5557
2.4185
2.2912
2.9778
2.3721
2.1445
2.7003
2.6431
4.918
2.6338
2.6139
4.7477
3.4676
2.4106
6.3952
3.3225
2.3207
2.632
3.3119
13.5431
2.6715
2.427
2.3194
2.4813
3.3598
2.4231
4.8301
35.1503
2.3908
2.8228
2.3723
2.5895
3.441
3.0688
2.9135
1.4167
3.1689
5.3212
2.3794
2.633
2.3891
2.6742
2.6178
3.3245
3.1072
2.6489
4.8037
4.1531
3.6198
6.2525
2.82
2.5119
1.2103
1.103
1.1666
1.1928
2.3428
1.116
2.3908
2.2749
2.2913
2.4188
15.1048
20.9747
2.3095
2.2297
2.248
2.5431
2.2457
2.1895
3.023
4.1807
2.5018
2.3429
2.2241
3.1255
2.4633
2.3187
3.9007
4.4367
1.3243
1.1971
1.1383
2.904
2.3964
2.7537
3.2385
2.9464
2.6879
3.1855
2.7377
4.0187
2.6533
1.3697
2.7965
2.3349
5.4287
2.9012
1.1489
2.7107
2.5875
2.7904
2.5086
2.3639
1.1189
2.6562
1.2644
2.3014
2.6795
2.2152
3.2907
2.7769
2.2676
2.3112
2.4093
2.475
2.3741
2.3089
2.5306
3.0196
3.3578
2.686
2.6759
3.6609
3.7931
2.273
2.2926
2.3977
2.2463
2.2733
2.7569
3.626
4.6582
2.2787
2.2913
3.1154
4.1861
1.2179
2.2842
13.83
2.4529
2.4142
2.2387
2.318
2.9547
1.2849
2.8131
2.6951
2.2557
2.2557
2.2547
2.1874
2.4884
4.6912
2.8922
3.3845
2.3706
3.4685
12.3551
2.69
2.266
2.5672
1.1773
2.36
13.1759
1.1879
2.3315
2.3545
2.4883
2.9837
3.8936
2.4473
2.3542
2.3463
2.3331
3.6484
3.373
4.8125
2.2349
5.9334
2.9729
1.4806
2.243
2.3177
1.1279
2.1998
2.2243
2.6772
22.262
3.7493
1.176
5.9947
2.452
11.5486
2.5796
5.4211
2.3503
10.1027
3.258
2.1865
2.3827
2.6045
2.1714
3.1735
2.312
2.3207
2.6438
2.2986
11.1872
14.0909
1.1785
2.3529
2.3011
2.3865
2.1944
2.3975
2.4756
3.3352
2.3762
2.447
2.3373
2.274
2.4389
3.727
2.7835
2.656
2.484
2.4297
2.7097
1.1963
2.4961
2.3487
3.1765
2.7563
2.7918
3.5647
2.491
2.4035
3.5655
2.5968
2.2983
1.1906
1.1235
2.2628
3.1635
2.6866
2.8322
1.1628
2.5709
3.6314
2.2615
4.4552
2.4711
3.3506
2.9184
3.4744
3.8169
2.6788
\end{filecontents}