\begin{filecontents}{q2-logicblox.dat}
1.3324
15.1458
2.5416
2.5383
2.3322
2.7679
2.7486
2.3762
3.1973
2.8439
6.481
2.8196
2.3855
2.4673
3.3194
2.6546
2.3334
2.1181
1.162
4.0226
2.4902
2.2874
2.3411
2.444
2.292
2.2751
2.2792
2.4435
2.3175
2.2846
10.7531
1.3513
2.4804
4.9016
3.4918
3.1507
20.3345
11.6719
2.3929
3.3741
8.9168
2.722
2.4297
2.3011
2.6628
2.3196
2.6715
2.2205
3.5531
2.5582
2.249
15.3508
2.437
2.5434
2.962
3.5188
2.6134
2.5441
2.6462
2.7167
3.0027
2.3058
2.6417
2.2034
2.3157
2.6624
2.3662
2.2316
2.4174
2.7339
2.2313
2.3512
3.1296
6.864
29.5927
3.1462
2.7995
2.4371
3.205
8.2019
2.727
3.1238
38.1513
1.1188
2.3509
13.2242
1.144
2.2373
4.7547
2.1118
2.7213
2.7948
11.2753
2.6966
4.2689
3.0595
2.9096
2.3192
2.3525
2.3224
2.2695
2.3738
3.1553
3.0798
2.3742
2.743
2.7433
13.4256
2.9117
2.1845
3.4609
2.3696
2.7329
2.6326
3.2381
2.3433
2.3257
2.3623
2.2439
3.4648
2.8226
5.1541
2.2552
2.3019
2.2532
2.3254
2.1894
2.2616
2.1925
5.3099
6.2162
34.8306
29.3012
2.712
4.6503
2.6325
2.4294
2.7823
2.2386
27.4076
2.2447
2.3141
2.1899
2.2899
2.296
2.3119
2.293
2.4294
2.3085
2.3544
2.412
12.8078
2.6604
2.8092
17.4345
4.3135
22.3263
25.5739
8.0985
2.3862
2.7925
2.3149
3.9785
2.4008
2.7551
1.1475
2.4319
6.6898
3.1862
3.1485
3.1918
2.8349
2.2184
5.8865
2.7011
2.2827
2.3941
5.3178
2.749
1.1083
2.23
2.8586
2.4861
2.2624
2.9201
3.3967
2.6071
2.1749
2.32
2.2327
2.247
2.5389
2.3832
2.7712
2.7837
2.2566
2.4505
2.2802
2.3374
4.0807
3.4948
8.4607
2.3014
2.2543
6.3254
2.7615
6.9832
2.6812
2.2847
2.574
2.2614
2.2345
3.5885
2.2843
2.292
1.0733
2.6021
2.3492
2.387
2.3049
2.3898
2.8365
2.25
2.3257
2.3129
2.6985
2.381
2.3004
2.4622
2.3884
3.2875
14.5211
2.3539
3.2973
2.307
2.7689
3.2894
2.8011
5.1708
2.3
4.5853
2.7578
2.7122
2.5024
2.6678
2.5611
3.737
10.1669
2.5024
2.3543
2.7682
2.2485
3.3016
2.9773
2.5973
1.1326
2.5395
2.2829
2.8872
7.9599
2.7022
2.4071
2.3019
2.5508
3.6847
2.4594
2.668
2.2749
2.3252
16.0788
2.8391
2.7547
2.5732
2.711
2.7038
2.5622
2.7065
2.751
2.7326
21.3891
3.8055
2.4772
2.3451
2.8524
2.6264
2.2674
2.2713
2.475
2.2977
2.3553
2.2871
2.6702
1.1766
1.1426
2.2489
2.2626
2.3823
2.3889
21.348
20.7202
21.4675
2.5568
2.9869
2.4342
2.4671
2.4014
2.689
2.5487
2.5763
2.2728
2.928
2.5549
2.4707
2.3182
2.2723
3.2417
2.3644
11.1579
1.27
2.6837
2.9108
2.4317
2.1713
3.2437
2.742
2.3708
3.3803
3.0555
2.4503
2.3822
2.5507
5.4465
2.2907
2.69
2.3172
2.1953
2.2339
2.1992
2.3266
2.9246
1.2352
1.1374
2.259
2.4309
2.5986
1.2833
2.2016
1.1074
2.207
2.2965
2.483
3.6306
3.1401
6.4486
6.2951
2.3245
2.3516
7.4427
2.6858
2.3725
2.2175
2.7521
2.9927
2.3747
35.0287
37.0002
2.705
1.0744
2.7583
5.1477
2.384
1.0823
2.0847
1.1282
2.2362
2.1962
2.3941
2.2402
3.9575
2.2455
2.2534
2.6785
2.2247
7.2991
6.4929
2.3027
2.2795
2.5914
2.6637
2.6809
2.456
2.3925
8.6185
2.4104
2.2825
2.85
1.1542
1.1477
2.2602
2.9508
2.9161
1.9148
2.4472
3.1131
2.2965
2.2906
2.5525
3.9585
3.3591
2.2134
2.2081
2.6388
2.7081
2.901
2.2992
2.9875
4.5144
2.2068
2.4175
2.5028
2.5176
\end{filecontents}