\begin{filecontents}{q3-logicblox.dat}
3.2168
2.4332
2.4116
5.74
3.4794
6.5795
38.0718
17.8859
2.4775
17.7598
2.2754
2.3221
5.4083
2.5387
2.2536
31.6365
13.448
12.3797
5.6326
6.1835
9.7427
2.4715
3.109
3.3786
3.1015
4.7786
25.3665
4.2996
4.3438
2.3588
5.6626
2.2939
2.5967
2.2699
2.6839
2.9172
11.1247
2.2258
3.0363
2.4852
4.7669
7.2846
3.0167
12.9599
2.5014
14.0265
8.5238
2.7574
3.8314
2.7852
3.1704
2.4434
2.5071
12.6584
2.3651
3.082
3.3576
2.8398
2.5087
2.9846
3.5185
2.4512
3.3975
3.3915
7.6106
3.5489
2.7518
3.207
2.2981
2.3867
5.7672
31.1617
4.1947
2.6995
2.8321
3.1038
2.2913
3.1625
2.2643
2.7929
2.6555
3.3513
2.7734
2.2236
2.3896
2.5328
2.3967
2.5478
6.0728
5.931
27.8906
6.3091
2.3038
2.2373
3.3403
3.6677
3.5912
3.0901
2.9277
19.8711
3.6281
3.0266
2.2347
2.5648
2.2161
2.4056
3.0384
\end{filecontents}