\begin{filecontents}{q4-logicblox.dat}
0.1002
1.1323
1.0164
1.0554
1.2684
1.1525
1.4258
1.0803
1.0782
6.3162
1.3934
1.1048
1.11
1.0959
1.0792
1.2579
1.3024
1.2713
1.3178
1.163
1.06
1.0406
1.0971
1.085
1.0429
1.1832
1.0874
1.1014
1.1236
1.081
1.1231
1.1168
1.0917
1.2844
1.3465
1.2665
1.25
1.2376
1.237
1.1268
1.1268
1.0693
1.0466
1.0452
1.0808
1.0071
1.0904
1.1399
1.0961
1.0215
1.1546
1.0185
1.1916
1.2617
1.2504
1.2573
1.3179
1.2268
9.8125
1.0891
1.2428
1.3316
1.1234
1.3191
1.1702
1.2469
1.0679
0.0485
1.0941
1.0759
1.1886
1.1217
1.0448
0.0495
1.0898
1.0678
1.0256
7.7486
2.8726
1.3144
1.04
1.114
8.9095
1.112
1.0286
1.2355
1.2222
0.0516
1.1599
1.0795
5.0974
6.567
1.0184
7.2273
1.0804
1.6556
1.0405
0.9967
\end{filecontents}