Reading 5420 matrices... done... 610166040 total words (5.09 bpt)
Reading mapping... done.
1;0;0
2;386534;34484000000
3;0;87076000000
4;4;8000000
5;10;8000000
6;0;0
7;6108;212000000
8;4;4000000
9;649;56000000
10;0;0
11;1891308;17496000000
12;174;96000000
13;174;784000000
14;0;0
15;0;0
16;2159;2052000000
17;0;0
18;9511;1600000000
19;0;0
20;0;0
21;33857;21980000000
22;9;3892000000
23;214091;23208000000
24;0;84672000000
25;279875;23868000000
26;2128;184000000
27;0;0
28;60175;18672000000
29;0;0
30;0;111972000000
31;0;0
32;9163090;32364000000
33;1485701;724000000
34;120982;2412000000
35;8;12000000
36;176029;20864000000
37;1063529;60300000000
38;0;84700000000
39;5;8000000
40;4;4000000
41;0;0
42;0;0
43;0;0
44;0;0
45;0;0
46;0;0
47;0;0
48;9907;6296000000
49;8217877;3604000000
50;14952;2356000000
51;0;0
52;6061482;60036000000
53;50949;4652000000
54;765;12000000
55;4;4000000
56;245496;6564000000
57;245219;6400000000
58;0;0
59;134;24000000
60;5;8000000
61;7;12000000
62;0;0
63;27333;1752000000
64;45493;5472000000
65;1335396;784000000
66;149793;112000000
67;188;5220000000
68;1786;6092000000
69;3535;308000000
70;46575;60020000000
71;46578;60016000000
72;3;4000000
73;7;4000000
74;4469;1528000000
75;7;4612000000
76;18727;248000000
77;0;0
78;1130260;53776000000
79;6257;272000000
80;28305;4104000000
81;1940493;60016000000
82;6590;324000000
83;4;8000000
84;0;60016000000
85;42073;36208000000
86;682;36176000000
87;537029076;85536000000
88;4;8000000
89;0;0
90;6094;8184000000
91;23;36000000
92;8;4000000
93;71266;420000000
94;577;172000000
95;0;60016000000
96;14902117;8156000000
97;263445;13264000000
98;579761;85144000000
99;188098;8588000000
100;13643;56000000
101;15;0
102;1457;1252000000
103;0;0
104;4;4000000
105;102;600000000
106;8;12000000
107;0;0
108;0;60028000000
109;19;12000000
110;55823;11816000000
111;96374;2128000000
112;9;4000000
113;0;0
114;103;64000000
115;3119;240000000
116;0;0
117;9;4000000
118;536977227;85748000000
119;381;356000000
120;288;32000000
121;0;0
122;11380;632000000
123;100;156000000
124;7741;6936000000
125;3530;196000000
126;3;12000000
127;6;12000000
128;41583;432000000
129;179;28000000
130;324130;26344000000
131;21;12000000
132;6;8000000
133;4169196;17940000000
134;1399;24000000
135;426;852000000
136;1043041;15044000000
137;24256;1552000000
138;0;95080000000
139;256494;60124000000
140;0;0
141;64;520000000
142;684;76000000
143;52575974;74208000000
144;51979765;13704000000
145;0;0
146;191742;588000000
147;63316;5492000000
148;680;184000000
149;0;60200000000
150;0;0
151;0;0
152;2122691;60032000000
153;0;0
154;15285;4508000000
155;12544;360000000
156;7712;6136000000
157;44797;1564000000
158;2395;3688000000
159;190;1464000000
160;10;4000000
161;1869;1936000000
162;25;56000000
163;8;28000000
164;28;68000000
165;746;1144000000
166;667740;40100000000
167;41310;10252000000
168;3305;2408000000
169;2662;1596000000
170;6;8000000
171;843;28000000
172;841;340000000
173;520;480000000
174;0;84928000000
175;0;84456000000
176;7592;152000000
177;5337;188000000
178;27950;1104000000
179;11847;348000000
180;147700;60004000000
181;1094869;53076000000
182;60477;3944000000
183;378;84000000
184;0;0
185;879;148000000
186;91;32000000
187;353;120000000
188;233;76000000
189;553436;7708000000
190;1838225;60512000000
191;1759441;28764000000
192;1999;3104000000
193;11;8000000
194;212;60000000
195;3389749;48136000000
196;5;8000000
197;5;12000000
198;81;24000000
199;93;20000000
200;290;100000000
201;0;0
202;0;0
203;1268197;60016000000
204;60028;20200000000
205;0;60836000000
206;0;61128000000
207;501;84000000
208;46;8000000
209;935560;61144000000
210;1038159;61244000000
211;1042748;60232000000
212;307933;25292000000
213;246620;20220000000
214;6447;4160000000
215;237415;60176000000
216;1;16000000
217;1;0
218;79;80000000
219;195742;16660000000
220;6;16000000
221;0;0
222;574358;344000000
223;208779;8036000000
224;109;1220000000
225;7;1384000000
226;35;3656000000
227;5;176000000
228;1;160000000
229;2882264;37484000000
230;614;824000000
231;121992;8144000000
232;433384;8400000000
233;1574;240000000
234;4924;132000000
235;81;236000000
236;4;4000000
237;7386136;60068000000
238;2865683;37324000000
239;31370;944000000
240;258332;2240000000
241;111429;60052000000
242;2109464;8728000000
243;12;16000000
244;2861;40000000
245;731;36000000
246;115;8000000
247;4938341;49396000000
248;1863;348000000
249;6;4000000
250;1;4000000
251;438811;55796000000
252;129650;7512000000
253;0;60016000000
254;740977;49888000000
255;13951;60084000000
256;180281;108000000
257;6;12000000
258;6;8000000
259;6204;7628000000
260;582496;18516000000
261;570836;22024000000
262;582398;34756000000
263;23053;7276000000
264;0;0
265;0;0
266;0;0
267;0;0
268;134;4956000000
269;0;0
270;0;0
271;126;48000000
272;306;224000000
273;12;8000000
274;1378;2084000000
275;57;56000000
276;82092;7980000000
277;18964;2228000000
278;13496;14628000000
279;6;8000000
280;204;380000000
281;244;16000000
282;13;4000000
283;5953;184000000
284;222294;6948000000
285;28281;1528000000
286;0;84852000000
287;2100447;60016000000
288;15127;4796000000
289;0;0
290;0;0
291;0;0
292;0;0
293;0;0
294;247163;8604000000
295;0;0
296;0;0
297;0;0
298;0;0
299;6965921;37700000000
300;838408;15252000000
301;592;32000000
302;925;4916000000
303;0;0
304;19972;112000000
305;43307;220000000
306;10;12000000
307;26215;8500000000
308;23937;1200000000
309;18;616000000
310;682;504000000
311;1965;404000000
312;2162;608000000
313;0;4000000
314;16;280000000
315;1;28000000
316;1;8000000
317;475985;60012000000
318;0;0
319;2279;1060000000
320;0;0
321;0;0
322;0;0
323;6;8000000
324;0;0
325;319881;9064000000
326;4;4000000
327;1084;1472000000
328;0;0
329;13795;14816000000
330;10072;2928000000
331;369;764000000
332;85488;2304000000
333;6;16000000
334;4;8000000
335;800;1592000000
336;1293101;60320000000
337;1;3856000000
338;15979;15316000000
339;10425;2164000000
340;0;60016000000
341;792;1172000000
342;536870912;85984000000
343;3635;88000000
344;345;60664000000
345;14;16000000
346;3704097;61152000000
347;0;0
348;365436;60092000000
349;39186;3584000000
350;211;76000000
351;20591;1352000000
352;475200;10292000000
353;6;4000000
354;3;4000000
355;4;8000000
356;267;352000000
357;34;32000000
358;21324526;12984000000
359;0;85280000000
360;18090704;14836000000
361;323;4712000000
362;166434;60004000000
363;6;4000000
364;2957;364000000
365;1;0
366;22961;8404000000
367;1513;1060000000
368;1750;2292000000
369;559996;15024000000
370;34282;14624000000
371;2369;208000000
372;4;4000000
373;2;0
374;589;652000000
375;256728;24416000000
376;220;472000000
377;47834;1724000000
378;369;504000000
379;68013;1340000000
380;933;704000000
381;199974;1960000000
382;3254;824000000
383;6;12000000
384;13;24000000
385;49;4060000000
386;357296;55012000000
387;0;0
388;0;0
389;0;71280000000
390;0;0
391;0;0
392;0;0
393;0;0
394;0;0
395;0;0
396;1;0
397;0;83516000000
398;4;4000000
399;34281;9772000000
400;7776;152000000
401;5;12000000
402;5;8000000
403;5;8000000
404;0;868000000
405;33451;23076000000
406;12277;1364000000
407;0;63340000000
408;45055;60016000000
409;1669;2812000000
410;37824;460000000
411;16474;6556000000
412;347;240000000
413;0;0
414;0;0
415;1337634;60352000000
416;524968;1820000000
417;2415;2296000000
418;36;28000000
419;1648020;848000000
420;23;0
421;65;76000000
422;0;0
423;220;352000000
424;0;0
425;12465;168000000
426;0;71308000000
427;0;71320000000
428;0;60008000000
429;22810;12320000000
430;10279;4492000000
431;0;0
432;11847;176000000
433;2034862;27924000000
434;110136;1228000000
435;1659373;18852000000
436;346760;10324000000
437;19081280;13612000000
438;38588;20172000000
439;1790938;60364000000
440;1532575;60580000000
441;541;468000000
442;1248464;744000000
443;44667;508000000
444;5530;2676000000
445;5184;4112000000
446;2132;1480000000
447;0;0
448;0;0
449;5408;4860000000
450;2172;1556000000
451;5531;4200000000
452;0;263024000000
453;0;161304000000
454;5407;4596000000
455;2171;1260000000
456;2365;1768000000
457;2904;2016000000
458;14;112000000
459;13;124000000
460;0;0
461;0;0
462;0;161260000000
463;0;262568000000
464;0;263032000000
465;0;161376000000
466;647450;320000000
467;4692051;27012000000
468;62;192000000
469;61;112000000
470;6624;3768000000
471;37398;2152000000
472;24970;2036000000
473;525037;22956000000
474;547031586;86568000000
475;346760;9748000000
476;0;87192000000
477;8;12000000
478;0;0
479;8904;3368000000
480;0;0
481;1384246;60364000000
482;4;12000000
483;0;0
484;0;0
485;512;704000000
486;117;264000000
487;92;172000000
488;29;116000000
489;12;16000000
490;667;480000000
491;1570;1484000000
492;10668;4800000000
493;46923;60016000000
494;7097;7904000000
495;738462;3712000000
496;738462;3724000000
497;73;488000000
498;7504;5856000000
499;98041;4032000000
500;26376;2604000000
501;12309;564000000
502;0;60016000000
503;1;4000000
504;1;4000000
505;0;85784000000
506;2109463;5568000000
507;1;16000000
508;0;0
509;0;0
510;5;12000000
511;666;3072000000
512;1;3984000000
513;26743;27600000000
514;2058;25780000000
515;1072;25628000000
516;7503;3296000000
517;0;74852000000
518;689863;58732000000
519;322;52000000
520;97408;6772000000
521;2537;1436000000
522;6;8000000
523;0;0
524;0;0
525;0;0
526;0;0
527;138;280000000
528;9;8000000
529;3;4000000
530;1427;24000000
531;23;108000000
532;44723;60016000000
533;1;4000000
534;0;0
535;3448;188000000
536;126;20000000
537;500;56000000
538;906;1372000000
539;0;0
540;0;0
541;5561;88000000
542;1;8000000
543;4;8000000
544;1319067;60440000000
545;0;0
546;50171062;71356000000
547;0;87112000000
548;0;84760000000
549;45374;1092000000
550;0;0
551;16;4000000
552;843865;20964000000
553;6804;2336000000
554;232409;5132000000
555;4;4000000
556;4;8000000
557;5;8000000
558;210707;852000000
559;670831;51772000000
560;0;16628000000
561;0;16536000000
562;0;0
563;4;8000000
564;0;0
565;0;0
566;6;4000000
567;1257224;860000000
568;0;0
569;1272;1252000000
570;418045;60008000000
571;259095;60004000000
572;200196;60004000000
573;276907;60008000000
574;20;10136000000
575;19;8508000000
576;18;8376000000
577;17;8348000000
578;0;86660000000
579;0;110112000000
580;57438;13104000000
581;1;1788000000
582;524;4228000000
583;0;1008000000
584;23013;7412000000
585;37731;1256000000
586;0;0
587;160279;10308000000
588;449;60000000
589;14313;57844000000
590;1098428;60400000000
591;14313;58288000000
592;3217;16968000000
593;689909;34520000000
594;90;1176000000
595;5179;3112000000
596;574358;344000000
597;2787;60916000000
598;537425432;85580000000
599;41163;376000000
600;5;4000000
601;0;0
602;0;84580000000
603;142545;11188000000
604;142546;17752000000
605;6;12000000
606;6;12000000
607;1;4000000
608;142545;23388000000
609;35;88000000
610;7;8000000
611;0;0
612;373;736000000
613;16;92000000
614;36;148000000
615;1135;3016000000
616;667968;16868000000
617;0;0
618;0;160648000000
619;0;160696000000
620;0;161036000000
621;0;160436000000
622;0;160600000000
623;0;160784000000
624;0;160720000000
625;0;161204000000
626;0;160896000000
627;0;160556000000
628;0;160968000000
629;0;160884000000
630;0;160764000000
631;0;161012000000
632;0;161220000000
633;0;160876000000
634;0;161696000000
635;0;160892000000
636;0;161028000000
637;0;161420000000
638;0;161252000000
639;0;160944000000
640;0;160996000000
641;0;161040000000
642;0;161316000000
643;0;161136000000
644;0;161316000000
645;0;161060000000
646;84484;4008000000
647;536904882;24400000000
648;0;0
649;1326755;24404000000
650;936298;19808000000
651;3671128;60792000000
652;2046002;52332000000
653;1969581;50408000000
654;3396579;60764000000
655;0;111056000000
656;0;111096000000
657;2487;668000000
658;12687;400000000
659;3109;2796000000
660;0;0
661;894;1288000000
662;1567;1640000000
663;5110;9064000000
664;1961;4540000000
665;141;260000000
666;1716;5424000000
667;4;8000000
668;6;0
669;0;0
670;13;60900000000
671;37629;4340000000
672;2636636;1836000000
673;0;0
674;57129;1388000000
675;536941264;85540000000
676;0;0
677;0;0
678;14568;1020000000
679;5011;2044000000
680;629962;50692000000
681;632654;51604000000
682;28;520000000
683;538515131;85908000000
684;6;56000000
685;1;0
686;0;0
687;375;68000000
688;0;0
689;0;0
690;0;0
691;537120532;85740000000
692;4;4000000
693;47792;13316000000
694;7498;712000000
695;17;124000000
696;16263;428000000
697;1260;1972000000
698;15409;3004000000
699;1;68000000
700;2;92000000
701;346;184000000
702;0;199896000000
703;4998169;61336000000
704;154141;5288000000
705;23121;1084000000
706;0;0
707;0;0
708;21547;596000000
709;18274;2604000000
710;14035;2500000000
711;4710;180000000
712;4097310;60876000000
713;967;592000000
714;0;85528000000
715;69099;60024000000
716;1;4000000
717;121;184000000
718;57;216000000
719;178;572000000
720;4;0
721;3885;25588000000
722;1872;916000000
723;1510;1876000000
724;543;952000000
725;109337;8580000000
726;0;0
727;0;0
728;1335396;816000000
729;0;0
730;0;0
731;22;72000000
732;0;0
733;199;564000000
734;4605;3328000000
735;1285;1656000000
736;1034;84000000
737;128;60024000000
738;52170083;73412000000
739;9;8000000
740;20054;6056000000
741;412235;51520000000
742;92933;9792000000
743;4;0
744;0;60152000000
745;585311;27280000000
746;578360;27272000000
747;0;0
748;3676;3732000000
749;860;1548000000
750;175;40000000
751;793;196000000
752;14409;58040000000
753;14313;57324000000
754;14335;60012000000
755;14243;60008000000
756;1193;1864000000
757;1265;2648000000
758;1771;2096000000
759;32600;1620000000
760;30;52000000
761;1;4488000000
762;1;4568000000
763;96;148000000
764;317;324000000
765;13171;8288000000
766;2684;92000000
767;0;0
768;0;0
769;5;4000000
770;95336;104000000
771;48;36000000
772;756;13552000000
773;1497;36976000000
774;539933970;25412000000
775;2889812;1564000000
776;0;0
777;38612;7596000000
778;2;4000000
779;24;508000000
780;3022;504000000
781;22113;656000000
782;918;24000000
783;234;196000000
784;8;132000000
785;6;8000000
786;6;8000000
787;1014;1720000000
788;0;0
789;19071822;60084000000
790;2383;4180000000
791;14308;60008000000
792;14225;60008000000
793;420;1040000000
794;309363;60004000000
795;0;0
796;1220;24000000
797;27496;25284000000
798;24908;16636000000
799;2523357;47968000000
800;3066;1700000000
801;58;524000000
802;0;0
803;41422;10448000000
804;71212;1368000000
805;16;68000000
806;2113;524000000
807;1;16000000
808;7933;9516000000
809;27681;204000000
810;2112;780000000
811;15155;2036000000
812;11623;5264000000
813;0;0
814;0;0
815;42506;3952000000
816;96;4000000
817;16299;1168000000
818;0;0
819;0;0
820;8;12000000
821;0;0
822;1265;32000000
823;3;4000000
824;1434653;60012000000
825;969410;60008000000
826;11355158;69608000000
827;42475;1092000000
828;34853;1452000000
829;2643;2792000000
830;0;0
831;73;12000000
832;34;440000000
833;1;0
834;302;700000000
835;16989;3308000000
836;0;120376000000
837;99412;6096000000
838;638451;24540000000
839;18240;8900000000
840;0;0
841;0;84984000000
842;4;4000000
843;0;0
844;0;0
845;44533;572000000
846;198931;6992000000
847;0;0
848;360;364000000
849;638855;7496000000
850;86816;2180000000
851;10195;1172000000
852;2568;4996000000
853;1;4000000
854;6046;1056000000
855;0;0
856;126025;60004000000
857;5362;4812000000
858;5361;6268000000
859;17281306;5536000000
860;0;0
861;212028;5928000000
862;35092;19524000000
863;13144;1936000000
864;13143;1292000000
865;1622;36000000
866;1773971;60012000000
867;344;36480000000
868;4153;3016000000
869;0;0
870;46587;60004000000
871;156474010;38072000000
872;20;160000000
873;0;0
874;1563;488000000
875;0;0
876;49563025;11256000000
877;51751368;71920000000
878;8680;856000000
879;0;60012000000
880;70;8000000
881;5;8000000
882;280;8000000
883;240234;10412000000
884;0;0
885;3817;1060000000
886;0;0
887;35092;29992000000
888;0;0
889;67586;2508000000
890;3;4000000
891;67585;1780000000
892;6811;608000000
893;107312;1048000000
894;8391;18420000000
895;0;1180000000
896;231;176000000
897;524;388000000
898;744;32000000
899;0;0
900;19152;4764000000
901;46968;408000000
902;5749;24292000000
903;536;4252000000
904;379;420000000
905;6805;3972000000
906;5548;3372000000
907;5032;2428000000
908;36;52000000
909;6;47600000000
910;8;47760000000
911;311;480000000
912;0;0
913;171940;24728000000
914;5405;256000000
915;2608276;60032000000
916;4184729;3820000000
917;0;0
918;301;432000000
919;226;336000000
920;0;0
921;0;0
922;0;0
923;260512;4588000000
924;2383;3152000000
925;212029;12588000000
926;0;0
927;1823;2056000000
928;28841;1984000000
929;0;8000000
930;21200940;11924000000
931;7332;916000000
932;6805;8216000000
933;10533;3364000000
934;35878;2416000000
935;538895259;25020000000
936;35937;2348000000
937;4;0
938;0;0
939;16473;5964000000
940;1;1564000000
941;75728;1532000000
942;19954;1956000000
943;121585;2008000000
944;110430;5292000000
945;2460;99796000000
946;307859;2140000000
947;10779;2288000000
948;42092;9396000000
949;586387136;35592000000
950;5785063;61216000000
951;5361;5336000000
952;4;8000000
953;0;167076000000
954;3311802;60024000000
955;1;0
