\begin{filecontents}{q22-matrix.dat}
60
35.468
35.884
12.008
28.984
19.224
0
0
0.04
21.828
60
37.384
9.436
0.492
1.032
12.832
60
0.172
0.688
0.14
0.124
0.12
0.136
60
60
60
60
6.4
60
58.488
37.46
0
0.08
5.68
9.404
5.124
0
60
6.46
1.372
0.904
37.84
0
25.048
4.748
26.852
27.2
60
4.516
0
0
34.484
60
0.096
0.784
0
0
23.868
18.672
0
60
0
0
0
0
4.652
60
60
36.208
36.176
0.52
0.48
0.06
0.008
7.276
0
0
0
0
0
0
0
0
0
0
0
0
0.112
0.22
60
0.472
0
0
0
0
0
0
23.076
10.324
4.112
1.48
0
0
60
60
1.768
2.016
0.112
0.124
0
0
60
60
60
60
0
0
4.8
60
2.604
0.016
27.6
25.78
25.628
60
58.732
6.772
0.852
51.772
0.004
60
60
0
0
0
0
2.604
0.916
0.008
60
27.28
27.272
13.552
36.976
0.508
60
60
36.48
47.6
47.76
0
60
\end{filecontents}