\begin{filecontents}{q2-matrix.dat}
0.016
47.704
2.72
3.304
0.34
0.064
1.392
1.552
15.352
11.604
22.84
2.9
2.424
3.084
7.376
0.048
0.248
0.024
0.008
11.632
4.98
3.332
1.068
1.656
0.124
0.26
1.824
0.04
4.112
0.348
60
0.004
1.524
5.488
8.012
8.504
38.072
17.3
1.152
10.688
60
0.532
0.004
0.38
7.596
0.012
3.728
0.004
8.744
3.832
0.336
40.944
0.42
3.604
1.064
2.676
1.156
0.752
0.088
1.884
10.86
0.764
5.72
0.48
1.992
6.692
2.868
0.064
0.016
3.472
0.516
1.528
2.592
16.848
21.776
4.556
0.616
1.452
1.632
18.576
0.06
7.284
60
0
6.092
21.72
0
0.42
10.66
0.104
0.072
0.184
32.256
3.756
22.128
3.84
1.44
0.212
2.136
0.492
0.348
0.244
8.144
8.1
0.112
0.608
0.02
30.244
0.044
0.06
13.764
1.524
8.064
0.324
7.884
0.356
0.012
0.628
1.676
7.348
0.152
6.028
0.064
0.688
0.044
0.256
0.048
0.34
0.064
22.452
17.396
60
35.968
0.196
14.524
0.02
0.988
0.008
0.448
49.464
0.792
2.456
0.416
0.496
0.928
0.504
0.704
0.356
0.432
0.02
0.072
11.784
0.724
0.184
23.328
16.62
35.356
24.724
6.676
1.72
1.588
0.212
15.748
1.672
7.008
0.008
1.908
60
24.936
5.652
2.484
4.44
0.008
20.584
0.408
1.16
0.056
30.608
0.676
0.244
0.24
2.612
2.14
0
1.944
8.54
2.128
0.24
0.408
0.364
0.38
1.316
0.136
1.584
1.396
1.5
4.156
0.632
0.08
8.004
8.452
11.876
1.112
0.076
15.14
4.12
18.604
0.9
0.556
6.156
0.684
0.996
7.724
0.272
0.476
0.008
3.164
0.584
0.824
0.408
0.636
0.116
0.212
0.048
0.156
0.016
0.412
0.12
0.176
0.768
6.208
47.492
0.684
8.096
0.848
4.884
9.7
6.94
16.208
0.124
11.592
5.576
0.664
0.572
5.976
0.532
9.596
60
1.264
0.152
0.284
0.444
5.444
2.84
4.384
0.004
0.424
0.288
0.036
20.864
2.356
0.024
0.036
0.004
8.588
0.032
0.632
0.156
0.028
26.344
0.012
4.508
6.136
1.464
1.936
0.056
0.028
0.068
1.144
40.1
10.252
2.408
1.596
0.148
0.032
0.12
0.076
3.104
0.024
0.02
0.1
0.008
0.016
0
0.08
0.236
0.016
0.348
18.516
22.024
34.756
2.084
7.98
2.228
14.628
0.38
1.472
14.816
2.928
1.592
1.172
0.016
0.004
0.008
0.352
14.624
0.652
24.416
0
2.812
0.24
2.296
0.352
12.32
20.172
0.468
4.86
1.556
4.2
0.192
2.036
22.956
3.368
0.704
0.264
0.172
0.116
0.016
7.904
5.856
0.004
0.004
0.012
0.28
0.108
0.004
1.372
0.008
0.008
0.004
1.252
13.104
7.412
10.308
17.752
0.092
0.148
16.868
0.668
2.796
1.288
4.34
1.02
2.044
50.692
51.604
0.056
0
0.004
13.316
3.004
0.068
0.092
0.004
0.216
0.572
1.876
0.952
8.58
0.072
0.564
3.328
1.656
57.324
60
1.864
2.096
8.288
0.036
0.196
1.72
4.18
60
1.04
0.068
0.524
0.016
0
0.7
3.308
0.364
0.004
4.812
1.936
3.016
0.16
0.856
10.412
2.508
0.176
0.388
4.764
3.972
2.428
0.336
3.152
12.588
2.056
1.956
2.288
5.336
\end{filecontents}