1;50572093;11948000000
2;2726318;60028000000
3;6237;6564000000
4;2043314;60188000000
5;1;16000000
6;356747;47704000000
7;538228713;85416000000
8;2614;2720000000
9;4165;3304000000
10;1788949;26956000000
11;149793;120000000
12;188;340000000
13;34640;17988000000
14;272860;5608000000
15;297;5976000000
16;160;4468000000
17;17;64000000
18;469;1392000000
19;26278;420000000
20;8456;540000000
21;1446720;60316000000
22;1;0
23;661;1552000000
24;12939;1508000000
25;35303;15352000000
26;37445;2548000000
27;35302;9972000000
28;2782103;60640000000
29;18620;11604000000
30;177;44000000
31;587769950;95380000000
32;130444;22840000000
33;742103;27256000000
34;2538;2900000000
35;40453;1832000000
36;1738;2424000000
37;0;0
38;539108465;84760000000
39;0;0
40;0;0
41;4343256;60020000000
42;590522;8644000000
43;0;84716000000
44;3090141;60016000000
45;4174;3084000000
46;0;84996000000
47;1405;312000000
48;1627;1500000000
49;440579;10160000000
50;11387;7376000000
51;240;232000000
52;31;48000000
53;795680;18344000000
54;0;0
55;50949;4540000000
56;50572093;11596000000
57;0;119928000000
58;0;0
59;587704644;160864000000
60;0;0
61;0;0
62;0;60192000000
63;0;0
64;0;0
65;190233;6264000000
66;0;0
67;8408;6740000000
68;703553434;102916000000
69;187322;3488000000
70;156659;11912000000
71;206934;42708000000
72;163270;13636000000
73;129;248000000
74;4;24000000
75;1;8000000
76;247463;3872000000
77;0;60260000000
78;144269;11632000000
79;0;0
80;0;0
81;7184;4980000000
82;9987;320000000
83;3630;3332000000
84;51210;2528000000
85;4691840;61076000000
86;38037;60020000000
87;0;87076000000
88;3;0
89;413;1068000000
90;4701;1656000000
91;40;124000000
92;76;260000000
93;4;8000000
94;6;12000000
95;245;1824000000
96;538118402;85168000000
97;1116125;17408000000
98;1456185;60320000000
99;3;4000000
100;230;3956000000
101;13;40000000
102;82148468;44988000000
103;4692464;51668000000
104;517;964000000
105;2961207;60440000000
106;1380014;34380000000
107;293233;7684000000
108;2818;4112000000
109;93;348000000
110;4940574;51464000000
111;319;212000000
112;544412885;87136000000
113;0;0
114;0;0
115;0;0
116;50742;60024000000
117;0;0
118;1;4000000
119;209809;100000000
120;0;0
121;437999;10176000000
122;0;0
123;11713;568000000
124;7891757;63520000000
125;455640;11484000000
126;3411;1524000000
127;12309;60000000
128;299486;5488000000
129;1157810;576000000
130;2861;112000000
131;57199;8012000000
132;2360;424000000
133;0;0
134;4692051;21624000000
135;5035;1872000000
136;15813;8504000000
137;3361;928000000
138;528324;11248000000
139;488345;38072000000
140;337115;17300000000
141;376;1152000000
142;726371;60112000000
143;1744;2104000000
144;587443003;101744000000
145;20422;10688000000
146;51115;60024000000
147;156562;1316000000
148;42475;652000000
149;0;0
150;1211;532000000
151;8;4000000
152;296;380000000
153;27686;7596000000
154;159;12000000
155;20704;3728000000
156;0;0
157;5;4000000
158;44943;4704000000
159;38964;8744000000
160;14837;3832000000
161;1863;336000000
162;2187439;60012000000
163;359864;14972000000
164;18979;960000000
165;412236;40944000000
166;0;0
167;9433;1884000000
168;13724;900000000
169;13489;336000000
170;840948;60228000000
171;409;420000000
172;0;0
173;10600;1148000000
174;0;0
175;13047;3604000000
176;0;60096000000
177;0;60008000000
178;0;60012000000
179;9563;5532000000
180;10600;1064000000
181;8010;3964000000
182;4304;2676000000
183;2076413;22752000000
184;12278;11820000000
185;578301;15860000000
186;521;436000000
187;578298;15828000000
188;1743;1156000000
189;12530;272000000
190;0;60456000000
191;1483845;60728000000
192;380;752000000
193;838216;5420000000
194;3485545;60024000000
195;15440;752000000
196;953843;4568000000
197;0;0
198;13981;1420000000
199;6114;3668000000
200;368;680000000
201;0;87172000000
202;116682;4144000000
203;60;88000000
204;5563034;60028000000
205;211701;3328000000
206;2468;1884000000
207;71907;10860000000
208;0;0
209;2467;1528000000
210;217;764000000
211;8030;5720000000
212;268;480000000
213;5146;1992000000
214;421927;10812000000
215;18241;6692000000
216;3459;2868000000
217;22;64000000
218;9;16000000
219;2177;3472000000
220;25;16000000
221;510;132000000
222;0;20000000
223;0;12000000
224;4776;2720000000
225;0;0
226;264720;5044000000
227;330;224000000
228;1159;516000000
229;15269;980000000
230;0;0
231;0;0
232;0;0
233;0;0
234;54;96000000
235;712;1528000000
236;195;5500000000
237;1724149;25832000000
238;0;0
239;18270;1812000000
240;0;0
241;363612;2748000000
242;2728;2592000000
243;98055;1756000000
244;169172;16848000000
245;5276;2916000000
246;504;284000000
247;81536;4056000000
248;331748;10860000000
249;63529;2980000000
250;40536;2468000000
251;772265;21776000000
252;29564;4556000000
253;57;68000000
254;1287934;5484000000
255;22622;728000000
256;0;138772000000
257;0;0
258;0;312000000
259;0;0
260;0;4000000
261;0;0
262;35942;9984000000
263;34;128000000
264;3792;1584000000
265;677;616000000
266;679;35468000000
267;312;35884000000
268;0;0
269;7595;1452000000
270;641297;60160000000
271;128525;2320000000
272;29620;1632000000
273;0;0
274;63;12008000000
275;900899;60248000000
276;87962;3748000000
277;111390;19360000000
278;2095259;60016000000
279;407;1360000000
280;37571;11336000000
281;644829;40636000000
282;539697010;85924000000
283;1090;464000000
284;540695109;86632000000
285;19081282;40504000000
286;100624;5088000000
287;613238;17540000000
288;5713;1252000000
289;909856;3740000000
290;412235;28756000000
291;110522;18576000000
292;1467;812000000
293;21;60000000
294;538313086;84916000000
295;546526204;201492000000
296;35943;7284000000
297;356746;36400000000
298;546526123;116588000000
299;0;0
300;88042;6928000000
301;5703544;60028000000
302;0;84940000000
303;0;0
304;7871897;63420000000
305;1042550;540000000
306;234587;5384000000
307;412296;28984000000
308;525636;19224000000
309;525635;2704000000
310;8041;516000000
311;1157810;560000000
312;840037;60212000000
313;1;0
314;0;0
315;586647999;95004000000
316;347;6092000000
317;569514;21720000000
318;0;0
319;0;0
320;0;0
321;13438813;60076000000
322;1;0
323;290;88000000
324;268;420000000
325;0;0
326;1086838;60284000000
327;92611;10660000000
328;4164;4172000000
329;21;244000000
330;82;40000000
331;0;0
332;0;4000000
333;613392;548000000
334;50949;21828000000
335;848022;15284000000
336;44;104000000
337;530438;12072000000
338;0;0
339;0;0
340;0;0
341;0;0
342;0;0
343;0;60328000000
344;850776;13476000000
345;27;72000000
346;57;184000000
347;221404;32256000000
348;5729;3756000000
349;2475500;44600000000
350;156660;22128000000
351;4314;3840000000
352;33;56000000
353;44;56000000
354;1112;1440000000
355;0;0
356;4733;396000000
357;99;8000000
358;0;95116000000
359;26;36000000
360;44;52000000
361;3688145;61128000000
362;4422;5004000000
363;46886;544000000
364;0;84756000000
365;211;212000000
366;4693110;57236000000
367;5568;37384000000
368;7507;192000000
369;0;0
370;0;0
371;0;0
372;0;0
373;0;0
374;3174383;61700000000
375;0;0
376;0;0
377;0;0
378;0;4000000
379;0;0
380;995;1012000000
381;82712;6560000000
382;147;80000000
383;2224;2136000000
384;1802;492000000
385;497;348000000
386;295;244000000
387;4709184;44880000000
388;5415235;60108000000
389;14425;484000000
390;106609;64000000
391;365678;15224000000
392;829360;57084000000
393;2;3904000000
394;14747;8144000000
395;41423;8100000000
396;20634;192000000
397;27029994;25776000000
398;47;112000000
399;256677;4792000000
400;254;608000000
401;4382641;61060000000
402;1735826;60360000000
403;5013;1820000000
404;45494;5556000000
405;5873;2888000000
406;995;460000000
407;2;0
408;179;104000000
409;93;24000000
410;6;20000000
411;386533;30244000000
412;65289;9436000000
413;13;44000000
414;53;60000000
415;19016830;60112000000
416;0;0
417;536929024;85944000000
418;537502429;84620000000
419;0;76900000000
420;0;84604000000
421;41071;13764000000
422;205017;8456000000
423;135998;2784000000
424;3092;356000000
425;202640;60008000000
426;4169196;14100000000
427;121411;2080000000
428;3695164;61124000000
429;3771;1928000000
430;39163;268000000
431;1343904;60016000000
432;7327;580000000
433;9;492000000
434;536872719;24196000000
435;889;1524000000
436;38612;3224000000
437;0;0
438;95356;3028000000
439;0;0
440;905;1032000000
441;25442;8064000000
442;3082;540000000
443;25441;5100000000
444;111;324000000
445;688807;9588000000
446;0;84916000000
447;310559;8848000000
448;41422;4984000000
449;22117;7884000000
450;244;356000000
451;16238;352000000
452;53488;10204000000
453;0;87880000000
454;5;12000000
455;239;628000000
456;481;1676000000
457;9951;7348000000
458;225;8000000
459;621;4000000
460;41386;3488000000
461;22588;1420000000
462;3845029;60044000000
463;8297;152000000
464;61366;6028000000
465;18;64000000
466;402;688000000
467;27;44000000
468;111;256000000
469;21;48000000
470;219;340000000
471;18;64000000
472;755934;10512000000
473;0;0
474;0;84824000000
475;256585;12192000000
476;47016;22452000000
477;465560;17396000000
478;8964;9320000000
479;96;44000000
480;1325127;10580000000
481;0;0
482;0;0
483;0;0
484;27005688;25572000000
485;640617;60156000000
486;538839;35968000000
487;538838;25360000000
488;54135;4628000000
489;47898;4344000000
490;0;0
491;71468;12832000000
492;0;84780000000
493;106609;68000000
494;0;0
495;0;0
496;1446982;20192000000
497;139;60000000
498;2189;172000000
499;376;196000000
500;222295;14524000000
501;1042900;5452000000
502;17212;688000000
503;4685;212000000
504;17477;644000000
505;2326;1448000000
506;538743;60004000000
507;12943;60060000000
508;12942;60056000000
509;0;0
510;6563;4312000000
511;2539057;11324000000
512;69424;6016000000
513;4;20000000
514;4097298;60780000000
515;1090;140000000
516;10515;288000000
517;66240;13096000000
518;541468089;86212000000
519;538968214;86044000000
520;7180;384000000
521;1859111;60012000000
522;938;988000000
523;1425;4000000
524;1031036;42900000000
525;11;8000000
526;15;12000000
527;16;20000000
528;14;140000000
529;14;124000000
530;11;120000000
531;11;136000000
532;1383;1412000000
533;0;149476000000
534;0;149456000000
535;0;124644000000
536;0;124476000000
537;0;0
538;5517;480000000
539;20053;1324000000
540;2079572;60016000000
541;13905113;60088000000
542;822846;48516000000
543;86;12000000
544;215018;15804000000
545;809015;30584000000
546;5810;7364000000
547;819856;35224000000
548;165986;14204000000
549;447540;22688000000
550;5850;7572000000
551;177;448000000
552;46;0
553;46;0
554;466096;1140000000
555;99516;3148000000
556;233608;6400000000
557;1381;1332000000
558;0;0
559;8754;1152000000
560;829284;49464000000
561;1468;792000000
562;1672;2456000000
563;36;52000000
564;45;5348000000
565;18240;4876000000
566;855;416000000
567;793;496000000
568;1828;928000000
569;749;504000000
570;984;704000000
571;446;356000000
572;289500;5036000000
573;2831;948000000
574;79893;1456000000
575;5066;26460000000
576;14648;1324000000
577;30;28000000
578;45;212000000
579;25831;256000000
580;482025;14196000000
581;2820;4256000000
582;0;60240000000
583;3744642;60036000000
584;810813;32260000000
585;138961;13600000000
586;0;4000000
587;578862;60004000000
588;1131934;55252000000
589;3399552;60020000000
590;447708;22812000000
591;977469;31964000000
592;20365;5136000000
593;15354;1028000000
594;0;60184000000
595;0;0
596;136415;13432000000
597;1398244;53984000000
598;595629;60004000000
599;16103;12072000000
600;434070;60004000000
601;6970044;38684000000
602;508938;60004000000
603;23040;636000000
604;6190;1000000000
605;1213129;37336000000
606;577296;60004000000
607;18;212000000
608;164;432000000
609;13;20000000
610;30;72000000
611;3366299;50076000000
612;0;0
613;819856;34912000000
614;819861;35280000000
615;559997;11784000000
616;1189994;6444000000
617;822851;48840000000
618;13282472;60088000000
619;795680;18344000000
620;0;0
621;0;0
622;0;0
623;0;0
624;27436;724000000
625;888;1144000000
626;254;184000000
627;346814;10528000000
628;608;496000000
629;822846;48820000000
630;0;0
631;766339;10416000000
632;0;0
633;7439;8596000000
634;578299;23328000000
635;38003;16620000000
636;582322;35356000000
637;601379;24724000000
638;594069;6676000000
639;18875;180000000
640;4125;1720000000
641;36935;1588000000
642;2531;212000000
643;901;536000000
644;4692285;28796000000
645;52095;15748000000
646;0;0
647;11759;568000000
648;34;80000000
649;1456;1672000000
650;18645;7008000000
651;1;8000000
652;16;1268000000
653;16456945;60056000000
654;819869;35364000000
655;6970044;38372000000
656;2042192;60012000000
657;3179;1324000000
658;205;1908000000
659;16197146;60060000000
660;14402;60008000000
661;14308;60008000000
662;588;32000000
663;384160;1324000000
664;5454;588000000
665;33505;4296000000
666;10361;24936000000
667;33002;1476000000
668;3;3860000000
669;1287864;34988000000
670;6852;5652000000
671;14591;2484000000
672;0;0
673;16641;14604000000
674;9456;3516000000
675;544130262;27280000000
676;0;0
677;221403;26460000000
678;80;140000000
679;539109752;84956000000
680;9457;4440000000
681;3;8000000
682;18623;4436000000
683;56243;3808000000
684;440580;20584000000
685;0;0
686;0;0
687;383;408000000
688;1960650;26852000000
689;81877;4012000000
690;5677625;60032000000
691;4052292;2528000000
692;326322;8688000000
693;8;16000000
694;1397;404000000
695;374;1160000000
696;2005;336000000
697;10940844;2568000000
698;33;56000000
699;492983;60008000000
700;301435;30608000000
701;255;676000000
702;4591;7852000000
703;3472;76000000
704;12745;304000000
705;1;244000000
706;62;240000000
707;13787;6180000000
708;578;640000000
709;0;84860000000
710;285;480000000
711;2329075;32980000000
712;4509;2612000000
713;2010519;1212000000
714;521573;300000000
715;1277756;2084000000
716;1100;60036000000
717;0;0
718;0;0
719;20106006;60068000000
720;0;85276000000
721;1571;2140000000
722;3;0
723;16700316;60060000000
724;54112586;13508000000
725;539597245;85148000000
726;9947;1944000000
727;4596658;84936000000
728;587761347;95636000000
729;4695885;61228000000
730;28485;8540000000
731;818;452000000
732;102;8000000
733;518;4000000
734;14406;880000000
735;151;20000000
736;5;3960000000
737;176030;27296000000
738;1628;2128000000
739;60165;1992000000
740;52;240000000
741;108;3508000000
742;52378;4392000000
743;537440385;84636000000
744;181;408000000
745;606;364000000
746;167;380000000
747;11844;804000000
748;11845;1316000000
749;0;0
750;200;136000000
751;1074;1584000000
752;2665;1396000000
753;0;0
754;2939;116000000
755;164077;780000000
756;1070;1500000000
757;0;110000000000
758;240006;15668000000
759;0;159964000000
760;0;135092000000
761;346275;3816000000
762;0;82292000000
763;0;82280000000
764;4224;4156000000
765;2869913;60708000000
766;4695087;61304000000
767;1099735;60352000000
768;1074;632000000
769;328840;60144000000
770;1365018;60324000000
771;24;132000000
772;12;92000000
773;0;0
774;0;0
775;2875933;60712000000
776;94;80000000
777;157616;8004000000
778;0;0
779;26980260;25440000000
780;26979811;25444000000
781;0;0
782;554773;332000000
783;45494;8452000000
784;511921;6000000000
785;5163535;2392000000
786;4964508;3672000000
787;894571;58488000000
788;0;0
789;535515;33316000000
790;0;0
791;303191;3256000000
792;11887;1952000000
793;530438;11876000000
794;447;1112000000
795;0;0
796;134802;1596000000
797;0;61080000000
798;58;76000000
799;4692390;61292000000
800;263562;37460000000
801;263446;2084000000
802;2379;2756000000
803;1933;1776000000
804;926;716000000
805;0;0
806;0;0
807;22;36000000
808;37328;9576000000
809;120495;11456000000
810;801683;820000000
811;1175;80000000
812;120496;15140000000
813;93766;16716000000
814;2727;1708000000
815;8660;3336000000
816;0;84820000000
817;559996;7744000000
818;1073;1016000000
819;557136;5368000000
820;594068;3436000000
821;53;60000000
822;39981;5680000000
823;638855;9404000000
824;38599;5124000000
825;0;1152000000
826;51447;23012000000
827;2078653;53148000000
828;0;95308000000
829;6884;240000000
830;9788;3716000000
831;1173;28000000
832;23792;4120000000
833;214069;18604000000
834;614;900000000
835;28484;6772000000
836;588;412000000
837;17340;6512000000
838;350786;60008000000
839;739626;60016000000
840;0;0
841;53;32000000
842;587443003;101236000000
843;0;0
844;0;0
845;1818;1124000000
846;328;136000000
847;374710;2932000000
848;56513;1684000000
849;1172;2332000000
850;2188;556000000
851;424579;7464000000
852;247047;2500000000
853;0;0
854;0;0
855;0;84864000000
856;181;8000000
857;0;110244000000
858;0;0
859;0;110188000000
860;0;0
861;537131929;84828000000
862;9856;6156000000
863;9855;3692000000
864;0;84640000000
865;31;0
866;0;0
867;462;684000000
868;39;996000000
869;509441;21776000000
870;4691839;14968000000
871;168118;3756000000
872;12499;1172000000
873;3410;1116000000
874;312;7360000000
875;17116;7620000000
876;2732;136000000
877;0;60072000000
878;97627;2104000000
879;209767;39336000000
880;344;384000000
881;15812;7008000000
882;18949;8288000000
883;6751;6160000000
884;4164;2480000000
885;441523;2628000000
886;221403;37152000000
887;0;134908000000
888;36494;17992000000
889;0;84812000000
890;43440;2144000000
891;35;3732000000
892;1477110;60672000000
893;1876079;1708000000
894;13788;7724000000
895;75;272000000
896;177;476000000
897;1;8000000
898;1582581;21352000000
899;0;4000000
900;373;1520000000
901;0;85296000000
902;14971;3684000000
903;5315;3900000000
904;239574;1324000000
905;16826;76000000
906;482081;5640000000
907;12597;3164000000
908;0;60184000000
909;4;4000000
910;1387;584000000
911;22;16000000
912;0;0
913;3119;592000000
914;4;4000000
915;57198;5252000000
916;5;12000000
917;274;824000000
918;206;408000000
919;27889;4860000000
920;6;8000000
921;4;4000000
922;983;636000000
923;6;8000000
924;6;8000000
925;5;4000000
926;4;0
927;305;868000000
928;7;8000000
929;31;36000000
930;116;116000000
931;5;4000000
932;4;8000000
933;6;16000000
934;7;16000000
935;6;16000000
936;4;4000000
937;20;20000000
938;25;20000000
939;6;16000000
940;5;8000000
941;7;8000000
942;7;16000000
943;405;212000000
944;6;12000000
945;6;8000000
946;4;4000000
947;7;20000000
948;108;48000000
949;380;156000000
950;7;12000000
951;5;8000000
952;32;16000000
953;7;8000000
954;6;4000000
955;4;4000000
956;7;16000000
957;7;4000000
958;1041;412000000
959;4;8000000
960;8;12000000
961;6;16000000
962;6;4000000
963;6;12000000
964;97;4904000000
965;7;8000000
966;6;8000000
967;9;8000000
968;254;120000000
969;6;8000000
970;4;4000000
971;31;32000000
972;7;8000000
973;7984;352000000
974;5;0
975;196;176000000
976;6;8000000
977;6;8000000
978;6;12000000
979;4;0
980;5;16000000
981;0;36000000
982;7;12000000
983;537137057;84968000000
984;312;768000000
985;0;0
986;48;6460000000
987;46;1372000000
988;0;0
989;0;0
990;21;16000000
991;4;12000000
992;645;2700000000
993;26;24000000
994;0;0
995;22;20000000
996;27;24000000
997;2;4000000
998;21;28000000
999;22;24000000
1000;23012;8768000000
1001;28;20000000
1002;31;36000000
1003;613;572000000
1004;21495;6208000000
1005;5610;2744000000
1006;209767;47492000000
1007;345;684000000
1008;17341;8096000000
1009;589;848000000
1010;9789;4884000000
1011;6;8000000
1012;60716;4576000000
1013;18950;9700000000
1014;6752;6940000000
1015;66241;16208000000
1016;24;124000000
1017;37329;11592000000
1018;54;40000000
1019;36301;3504000000
1020;0;0
1021;248454;6592000000
1022;18565;5576000000
1023;1524;132000000
1024;29757;1556000000
1025;9075;740000000
1026;8586;612000000
1027;58443;10844000000
1028;75;904000000
1029;312007;37840000000
1030;29307;1328000000
1031;167;664000000
1032;0;0
1033;41;25048000000
1034;0;0
1035;660;92000000
1036;62227;1584000000
1037;39732;1088000000
1038;50949;4748000000
1039;2076413;25116000000
1040;3068;572000000
1041;171132;4312000000
1042;8;8000000
1043;0;0
1044;25809;5976000000
1045;0;0
1046;78924;8916000000
1047;49036;3828000000
1048;256;26852000000
1049;446136;5064000000
1050;369752;2012000000
1051;161919;1112000000
1052;543845;3076000000
1053;2870;824000000
1054;1439;100000000
1055;5521;88000000
1056;28;48000000
1057;16;4000000
1058;11;8000000
1059;23;16000000
1060;4;4000000
1061;18023;27200000000
1062;6933;456000000
1063;5835746;60044000000
1064;1615;532000000
1065;65;676000000
1066;18900;9596000000
1067;45453;60016000000
1068;25477;60012000000
1069;20421;8996000000
1070;3469;120000000
1071;6616;816000000
1072;8;12000000
1073;5;0
1074;0;95212000000
1075;41043;1276000000
1076;38;24000000
1077;0;24000000
1078;2432;1264000000
1079;35;32000000
1080;0;84876000000
1081;86;152000000
1082;9;16000000
1083;6;12000000
1084;304;284000000
1085;4;4000000
1086;0;87336000000
1087;4;8000000
1088;736;10324000000
1089;1965;4928000000
1090;6;4168000000
1091;889;444000000
1092;0;0
1093;30231;5548000000
1094;4693139;61096000000
1095;38613;5444000000
1096;274492;11704000000
1097;25;8000000
1098;9;4000000
1099;9;4000000
1100;8;4000000
1101;8;8000000
1102;7;12000000
1103;8;4000000
1104;10;8000000
1105;9;8000000
1106;9;8000000
1107;421;8000000
1108;213541;48864000000
1109;169171;10784000000
1110;617592;60008000000
1111;115431;54044000000
1112;9;8000000
1113;8;8000000
1114;8;4000000
1115;8;12000000
1116;7;8000000
1117;0;84984000000
1118;0;60016000000
1119;536901134;84848000000
1120;536872000;85520000000
1121;2139;668000000
1122;858;104000000
1123;4;8000000
1124;19776163;49524000000
1125;52;576000000
1126;5;4000000
1127;577066;4516000000
1128;32154;2840000000
1129;12783;4384000000
1130;192;36000000
1131;958843;60284000000
1132;19502668;44416000000
1133;44814;368000000
1134;1;4000000
1135;0;0
1136;23;32000000
1137;193;20000000
1138;0;0
1139;122190;616000000
1140;18775617;60084000000
1141;6;8000000
1142;2141;424000000
1143;278;288000000
1144;0;0
1145;57437;8340000000
1146;0;60012000000
1147;10858;3068000000
1148;18;16000000
1149;6;12000000
1150;421367;284000000
1151;4;4000000
1152;23;36000000
1153;0;0
1154;0;0
1155;399289;1864000000
1156;0;0
1157;386534;34484000000
1158;0;87076000000
1159;4;8000000
1160;10;8000000
1161;0;0
1162;6108;212000000
1163;4;4000000
1164;649;56000000
1165;0;0
1166;1891308;17496000000
1167;174;96000000
1168;174;784000000
1169;0;0
1170;0;0
1171;2159;2052000000
1172;0;0
1173;9511;1600000000
1174;0;0
1175;0;0
1176;33857;21980000000
1177;9;3892000000
1178;214091;23208000000
1179;0;84672000000
1180;279875;23868000000
1181;2128;184000000
1182;0;0
1183;60175;18672000000
1184;0;0
1185;0;111972000000
1186;0;0
1187;9163090;32364000000
1188;1485701;724000000
1189;120982;2412000000
1190;8;12000000
1191;176029;20864000000
1192;1063529;60300000000
1193;0;84700000000
1194;5;8000000
1195;4;4000000
1196;0;0
1197;0;0
1198;0;0
1199;0;0
1200;0;0
1201;0;0
1202;0;0
1203;9907;6296000000
1204;8217877;3604000000
1205;14952;2356000000
1206;0;0
1207;6061482;60036000000
1208;50949;4652000000
1209;765;12000000
1210;4;4000000
1211;245496;6564000000
1212;245219;6400000000
1213;0;0
1214;134;24000000
1215;5;8000000
1216;7;12000000
1217;0;0
1218;27333;1752000000
1219;45493;5472000000
1220;1335396;784000000
1221;149793;112000000
1222;188;5220000000
1223;1786;6092000000
1224;3535;308000000
1225;46575;60020000000
1226;46578;60016000000
1227;3;4000000
1228;7;4000000
1229;4469;1528000000
1230;7;4612000000
1231;18727;248000000
1232;0;0
1233;1130260;53776000000
1234;6257;272000000
1235;28305;4104000000
1236;1940493;60016000000
1237;6590;324000000
1238;4;8000000
1239;0;60016000000
1240;42073;36208000000
1241;682;36176000000
1242;537029076;85536000000
1243;4;8000000
1244;0;0
1245;6094;8184000000
1246;23;36000000
1247;8;4000000
1248;71266;420000000
1249;577;172000000
1250;0;60016000000
1251;14902117;8156000000
1252;263445;13264000000
1253;579761;85144000000
1254;188098;8588000000
1255;13643;56000000
1256;15;0
1257;1457;1252000000
1258;0;0
1259;4;4000000
1260;102;600000000
1261;8;12000000
1262;0;0
1263;0;60028000000
1264;19;12000000
1265;55823;11816000000
1266;96374;2128000000
1267;9;4000000
1268;0;0
1269;103;64000000
1270;3119;240000000
1271;0;0
1272;9;4000000
1273;536977227;85748000000
1274;381;356000000
1275;288;32000000
1276;0;0
1277;11380;632000000
1278;100;156000000
1279;7741;6936000000
1280;3530;196000000
1281;3;12000000
1282;6;12000000
1283;41583;432000000
1284;179;28000000
1285;324130;26344000000
1286;21;12000000
1287;6;8000000
1288;4169196;17940000000
1289;1399;24000000
1290;426;852000000
1291;1043041;15044000000
1292;24256;1552000000
1293;0;95080000000
1294;256494;60124000000
1295;0;0
1296;64;520000000
1297;684;76000000
1298;52575974;74208000000
1299;51979765;13704000000
1300;0;0
1301;191742;588000000
1302;63316;5492000000
1303;680;184000000
1304;0;60200000000
1305;0;0
1306;0;0
1307;2122691;60032000000
1308;0;0
1309;15285;4508000000
1310;12544;360000000
1311;7712;6136000000
1312;44797;1564000000
1313;2395;3688000000
1314;190;1464000000
1315;10;4000000
1316;1869;1936000000
1317;25;56000000
1318;8;28000000
1319;28;68000000
1320;746;1144000000
1321;667740;40100000000
1322;41310;10252000000
1323;3305;2408000000
1324;2662;1596000000
1325;6;8000000
1326;843;28000000
1327;841;340000000
1328;520;480000000
1329;0;84928000000
1330;0;84456000000
1331;7592;152000000
1332;5337;188000000
1333;27950;1104000000
1334;11847;348000000
1335;147700;60004000000
1336;1094869;53076000000
1337;60477;3944000000
1338;378;84000000
1339;0;0
1340;879;148000000
1341;91;32000000
1342;353;120000000
1343;233;76000000
1344;553436;7708000000
1345;1838225;60512000000
1346;1759441;28764000000
1347;1999;3104000000
1348;11;8000000
1349;212;60000000
1350;3389749;48136000000
1351;5;8000000
1352;5;12000000
1353;81;24000000
1354;93;20000000
1355;290;100000000
1356;0;0
1357;0;0
1358;1268197;60016000000
1359;60028;20200000000
1360;0;60836000000
1361;0;61128000000
1362;501;84000000
1363;46;8000000
1364;935560;61144000000
1365;1038159;61244000000
1366;1042748;60232000000
1367;307933;25292000000
1368;246620;20220000000
1369;6447;4160000000
1370;237415;60176000000
1371;1;16000000
1372;1;0
1373;79;80000000
1374;195742;16660000000
1375;6;16000000
1376;0;0
1377;574358;344000000
1378;208779;8036000000
1379;109;1220000000
1380;7;1384000000
1381;35;3656000000
1382;5;176000000
1383;1;160000000
1384;2882264;37484000000
1385;614;824000000
1386;121992;8144000000
1387;433384;8400000000
1388;1574;240000000
1389;4924;132000000
1390;81;236000000
1391;4;4000000
1392;7386136;60068000000
1393;2865683;37324000000
1394;31370;944000000
1395;258332;2240000000
1396;111429;60052000000
1397;2109464;8728000000
1398;12;16000000
1399;2861;40000000
1400;731;36000000
1401;115;8000000
1402;4938341;49396000000
1403;1863;348000000
1404;6;4000000
1405;1;4000000
1406;438811;55796000000
1407;129650;7512000000
1408;0;60016000000
1409;740977;49888000000
1410;13951;60084000000
1411;180281;108000000
1412;6;12000000
1413;6;8000000
1414;6204;7628000000
1415;582496;18516000000
1416;570836;22024000000
1417;582398;34756000000
1418;23053;7276000000
1419;0;0
1420;0;0
1421;0;0
1422;0;0
1423;134;4956000000
1424;0;0
1425;0;0
1426;126;48000000
1427;306;224000000
1428;12;8000000
1429;1378;2084000000
1430;57;56000000
1431;82092;7980000000
1432;18964;2228000000
1433;13496;14628000000
1434;6;8000000
1435;204;380000000
1436;244;16000000
1437;13;4000000
1438;5953;184000000
1439;222294;6948000000
1440;28281;1528000000
1441;0;84852000000
1442;2100447;60016000000
1443;15127;4796000000
1444;0;0
1445;0;0
1446;0;0
1447;0;0
1448;0;0
1449;247163;8604000000
1450;0;0
1451;0;0
1452;0;0
1453;0;0
1454;6965921;37700000000
1455;838408;15252000000
1456;592;32000000
1457;925;4916000000
1458;0;0
1459;19972;112000000
1460;43307;220000000
1461;10;12000000
1462;26215;8500000000
1463;23937;1200000000
1464;18;616000000
1465;682;504000000
1466;1965;404000000
1467;2162;608000000
1468;0;4000000
1469;16;280000000
1470;1;28000000
1471;1;8000000
1472;475985;60012000000
1473;0;0
1474;2279;1060000000
1475;0;0
1476;0;0
1477;0;0
1478;6;8000000
1479;0;0
1480;319881;9064000000
1481;4;4000000
1482;1084;1472000000
1483;0;0
1484;13795;14816000000
1485;10072;2928000000
1486;369;764000000
1487;85488;2304000000
1488;6;16000000
1489;4;8000000
1490;800;1592000000
1491;1293101;60320000000
1492;1;3856000000
1493;15979;15316000000
1494;10425;2164000000
1495;0;60016000000
1496;792;1172000000
1497;536870912;85984000000
1498;3635;88000000
1499;345;60664000000
1500;14;16000000
1501;3704097;61152000000
1502;0;0
1503;365436;60092000000
1504;39186;3584000000
1505;211;76000000
1506;20591;1352000000
1507;475200;10292000000
1508;6;4000000
1509;3;4000000
1510;4;8000000
1511;267;352000000
1512;34;32000000
1513;21324526;12984000000
1514;0;85280000000
1515;18090704;14836000000
1516;323;4712000000
1517;166434;60004000000
1518;6;4000000
1519;2957;364000000
1520;1;0
1521;22961;8404000000
1522;1513;1060000000
1523;1750;2292000000
1524;559996;15024000000
1525;34282;14624000000
1526;2369;208000000
1527;4;4000000
1528;2;0
1529;589;652000000
1530;256728;24416000000
1531;220;472000000
1532;47834;1724000000
1533;369;504000000
1534;68013;1340000000
1535;933;704000000
1536;199974;1960000000
1537;3254;824000000
1538;6;12000000
1539;13;24000000
1540;49;4060000000
1541;357296;55012000000
1542;0;0
1543;0;0
1544;0;71280000000
1545;0;0
1546;0;0
1547;0;0
1548;0;0
1549;0;0
1550;0;0
1551;1;0
1552;0;83516000000
1553;4;4000000
1554;34281;9772000000
1555;7776;152000000
1556;5;12000000
1557;5;8000000
1558;5;8000000
1559;0;868000000
1560;33451;23076000000
1561;12277;1364000000
1562;0;63340000000
1563;45055;60016000000
1564;1669;2812000000
1565;37824;460000000
1566;16474;6556000000
1567;347;240000000
1568;0;0
1569;0;0
1570;1337634;60352000000
1571;524968;1820000000
1572;2415;2296000000
1573;36;28000000
1574;1648020;848000000
1575;23;0
1576;65;76000000
1577;0;0
1578;220;352000000
1579;0;0
1580;12465;168000000
1581;0;71308000000
1582;0;71320000000
1583;0;60008000000
1584;22810;12320000000
1585;10279;4492000000
1586;0;0
1587;11847;176000000
1588;2034862;27924000000
1589;110136;1228000000
1590;1659373;18852000000
1591;346760;10324000000
1592;19081280;13612000000
1593;38588;20172000000
1594;1790938;60364000000
1595;1532575;60580000000
1596;541;468000000
1597;1248464;744000000
1598;44667;508000000
1599;5530;2676000000
1600;5184;4112000000
1601;2132;1480000000
1602;0;0
1603;0;0
1604;5408;4860000000
1605;2172;1556000000
1606;5531;4200000000
1607;0;263024000000
1608;0;161304000000
1609;5407;4596000000
1610;2171;1260000000
1611;2365;1768000000
1612;2904;2016000000
1613;14;112000000
1614;13;124000000
1615;0;0
1616;0;0
1617;0;161260000000
1618;0;262568000000
1619;0;263032000000
1620;0;161376000000
1621;647450;320000000
1622;4692051;27012000000
1623;62;192000000
1624;61;112000000
1625;6624;3768000000
1626;37398;2152000000
1627;24970;2036000000
1628;525037;22956000000
1629;547031586;86568000000
1630;346760;9748000000
1631;0;87192000000
1632;8;12000000
1633;0;0
1634;8904;3368000000
1635;0;0
1636;1384246;60364000000
1637;4;12000000
1638;0;0
1639;0;0
1640;512;704000000
1641;117;264000000
1642;92;172000000
1643;29;116000000
1644;12;16000000
1645;667;480000000
1646;1570;1484000000
1647;10668;4800000000
1648;46923;60016000000
1649;7097;7904000000
1650;738462;3712000000
1651;738462;3724000000
1652;73;488000000
1653;7504;5856000000
1654;98041;4032000000
1655;26376;2604000000
1656;12309;564000000
1657;0;60016000000
1658;1;4000000
1659;1;4000000
1660;0;85784000000
1661;2109463;5568000000
1662;1;16000000
1663;0;0
1664;0;0
1665;5;12000000
1666;666;3072000000
1667;1;3984000000
1668;26743;27600000000
1669;2058;25780000000
1670;1072;25628000000
1671;7503;3296000000
1672;0;74852000000
1673;689863;58732000000
1674;322;52000000
1675;97408;6772000000
1676;2537;1436000000
1677;6;8000000
1678;0;0
1679;0;0
1680;0;0
1681;0;0
1682;138;280000000
1683;9;8000000
1684;3;4000000
1685;1427;24000000
1686;23;108000000
1687;44723;60016000000
1688;1;4000000
1689;0;0
1690;3448;188000000
1691;126;20000000
1692;500;56000000
1693;906;1372000000
1694;0;0
1695;0;0
1696;5561;88000000
1697;1;8000000
1698;4;8000000
1699;1319067;60440000000
1700;0;0
1701;50171062;71356000000
1702;0;87112000000
1703;0;84760000000
1704;45374;1092000000
1705;0;0
1706;16;4000000
1707;843865;20964000000
1708;6804;2336000000
1709;232409;5132000000
1710;4;4000000
1711;4;8000000
1712;5;8000000
1713;210707;852000000
1714;670831;51772000000
1715;0;16628000000
1716;0;16536000000
1717;0;0
1718;4;8000000
1719;0;0
1720;0;0
1721;6;4000000
1722;1257224;860000000
1723;0;0
1724;1272;1252000000
1725;418045;60008000000
1726;259095;60004000000
1727;200196;60004000000
1728;276907;60008000000
1729;20;10136000000
1730;19;8508000000
1731;18;8376000000
1732;17;8348000000
1733;0;86660000000
1734;0;110112000000
1735;57438;13104000000
1736;1;1788000000
1737;524;4228000000
1738;0;1008000000
1739;23013;7412000000
1740;37731;1256000000
1741;0;0
1742;160279;10308000000
1743;449;60000000
1744;14313;57844000000
1745;1098428;60400000000
1746;14313;58288000000
1747;3217;16968000000
1748;689909;34520000000
1749;90;1176000000
1750;5179;3112000000
1751;574358;344000000
1752;2787;60916000000
1753;537425432;85580000000
1754;41163;376000000
1755;5;4000000
1756;0;0
1757;0;84580000000
1758;142545;11188000000
1759;142546;17752000000
1760;6;12000000
1761;6;12000000
1762;1;4000000
1763;142545;23388000000
1764;35;88000000
1765;7;8000000
1766;0;0
1767;373;736000000
1768;16;92000000
1769;36;148000000
1770;1135;3016000000
1771;667968;16868000000
1772;0;0
1773;0;160648000000
1774;0;160696000000
1775;0;161036000000
1776;0;160436000000
1777;0;160600000000
1778;0;160784000000
1779;0;160720000000
1780;0;161204000000
1781;0;160896000000
1782;0;160556000000
1783;0;160968000000
1784;0;160884000000
1785;0;160764000000
1786;0;161012000000
1787;0;161220000000
1788;0;160876000000
1789;0;161696000000
1790;0;160892000000
1791;0;161028000000
1792;0;161420000000
1793;0;161252000000
1794;0;160944000000
1795;0;160996000000
1796;0;161040000000
1797;0;161316000000
1798;0;161136000000
1799;0;161316000000
1800;0;161060000000
1801;84484;4008000000
1802;536904882;24400000000
1803;0;0
1804;1326755;24404000000
1805;936298;19808000000
1806;3671128;60792000000
1807;2046002;52332000000
1808;1969581;50408000000
1809;3396579;60764000000
1810;0;111056000000
1811;0;111096000000
1812;2487;668000000
1813;12687;400000000
1814;3109;2796000000
1815;0;0
1816;894;1288000000
1817;1567;1640000000
1818;5110;9064000000
1819;1961;4540000000
1820;141;260000000
1821;1716;5424000000
1822;4;8000000
1823;6;0
1824;0;0
1825;13;60900000000
1826;37629;4340000000
1827;2636636;1836000000
1828;0;0
1829;57129;1388000000
1830;536941264;85540000000
1831;0;0
1832;0;0
1833;14568;1020000000
1834;5011;2044000000
1835;629962;50692000000
1836;632654;51604000000
1837;28;520000000
1838;538515131;85908000000
1839;6;56000000
1840;1;0
1841;0;0
1842;375;68000000
1843;0;0
1844;0;0
1845;0;0
1846;537120532;85740000000
1847;4;4000000
1848;47792;13316000000
1849;7498;712000000
1850;17;124000000
1851;16263;428000000
1852;1260;1972000000
1853;15409;3004000000
1854;1;68000000
1855;2;92000000
1856;346;184000000
1857;0;199896000000
1858;4998169;61336000000
1859;154141;5288000000
1860;23121;1084000000
1861;0;0
1862;0;0
1863;21547;596000000
1864;18274;2604000000
1865;14035;2500000000
1866;4710;180000000
1867;4097310;60876000000
1868;967;592000000
1869;0;85528000000
1870;69099;60024000000
1871;1;4000000
1872;121;184000000
1873;57;216000000
1874;178;572000000
1875;4;0
1876;3885;25588000000
1877;1872;916000000
1878;1510;1876000000
1879;543;952000000
1880;109337;8580000000
1881;0;0
1882;0;0
1883;1335396;816000000
1884;0;0
1885;0;0
1886;22;72000000
1887;0;0
1888;199;564000000
1889;4605;3328000000
1890;1285;1656000000
1891;1034;84000000
1892;128;60024000000
1893;52170083;73412000000
1894;9;8000000
1895;20054;6056000000
1896;412235;51520000000
1897;92933;9792000000
1898;4;0
1899;0;60152000000
1900;585311;27280000000
1901;578360;27272000000
1902;0;0
1903;3676;3732000000
1904;860;1548000000
1905;175;40000000
1906;793;196000000
1907;14409;58040000000
1908;14313;57324000000
1909;14335;60012000000
1910;14243;60008000000
1911;1193;1864000000
1912;1265;2648000000
1913;1771;2096000000
1914;32600;1620000000
1915;30;52000000
1916;1;4488000000
1917;1;4568000000
1918;96;148000000
1919;317;324000000
1920;13171;8288000000
1921;2684;92000000
1922;0;0
1923;0;0
1924;5;4000000
1925;95336;104000000
1926;48;36000000
1927;756;13552000000
1928;1497;36976000000
1929;539933970;25412000000
1930;2889812;1564000000
1931;0;0
1932;38612;7596000000
1933;2;4000000
1934;24;508000000
1935;3022;504000000
1936;22113;656000000
1937;918;24000000
1938;234;196000000
1939;8;132000000
1940;6;8000000
1941;6;8000000
1942;1014;1720000000
1943;0;0
1944;19071822;60084000000
1945;2383;4180000000
1946;14308;60008000000
1947;14225;60008000000
1948;420;1040000000
1949;309363;60004000000
1950;0;0
1951;1220;24000000
1952;27496;25284000000
1953;24908;16636000000
1954;2523357;47968000000
1955;3066;1700000000
1956;58;524000000
1957;0;0
1958;41422;10448000000
1959;71212;1368000000
1960;16;68000000
1961;2113;524000000
1962;1;16000000
1963;7933;9516000000
1964;27681;204000000
1965;2112;780000000
1966;15155;2036000000
1967;11623;5264000000
1968;0;0
1969;0;0
1970;42506;3952000000
1971;96;4000000
1972;16299;1168000000
1973;0;0
1974;0;0
1975;8;12000000
1976;0;0
1977;1265;32000000
1978;3;4000000
1979;1434653;60012000000
1980;969410;60008000000
1981;11355158;69608000000
1982;42475;1092000000
1983;34853;1452000000
1984;2643;2792000000
1985;0;0
1986;73;12000000
1987;34;440000000
1988;1;0
1989;302;700000000
1990;16989;3308000000
1991;0;120376000000
1992;99412;6096000000
1993;638451;24540000000
1994;18240;8900000000
1995;0;0
1996;0;84984000000
1997;4;4000000
1998;0;0
1999;0;0
2000;44533;572000000
2001;198931;6992000000
2002;0;0
2003;360;364000000
2004;638855;7496000000
2005;86816;2180000000
2006;10195;1172000000
2007;2568;4996000000
2008;1;4000000
2009;6046;1056000000
2010;0;0
2011;126025;60004000000
2012;5362;4812000000
2013;5361;6268000000
2014;17281306;5536000000
2015;0;0
2016;212028;5928000000
2017;35092;19524000000
2018;13144;1936000000
2019;13143;1292000000
2020;1622;36000000
2021;1773971;60012000000
2022;344;36480000000
2023;4153;3016000000
2024;0;0
2025;46587;60004000000
2026;156474010;38072000000
2027;20;160000000
2028;0;0
2029;1563;488000000
2030;0;0
2031;49563025;11256000000
2032;51751368;71920000000
2033;8680;856000000
2034;0;60012000000
2035;70;8000000
2036;5;8000000
2037;280;8000000
2038;240234;10412000000
2039;0;0
2040;3817;1060000000
2041;0;0
2042;35092;29992000000
2043;0;0
2044;67586;2508000000
2045;3;4000000
2046;67585;1780000000
2047;6811;608000000
2048;107312;1048000000
2049;8391;18420000000
2050;0;1180000000
2051;231;176000000
2052;524;388000000
2053;744;32000000
2054;0;0
2055;19152;4764000000
2056;46968;408000000
2057;5749;24292000000
2058;536;4252000000
2059;379;420000000
2060;6805;3972000000
2061;5548;3372000000
2062;5032;2428000000
2063;36;52000000
2064;6;47600000000
2065;8;47760000000
2066;311;480000000
2067;0;0
2068;171940;24728000000
2069;5405;256000000
2070;2608276;60032000000
2071;4184729;3820000000
2072;0;0
2073;301;432000000
2074;226;336000000
2075;0;0
2076;0;0
2077;0;0
2078;260512;4588000000
2079;2383;3152000000
2080;212029;12588000000
2081;0;0
2082;1823;2056000000
2083;28841;1984000000
2084;0;8000000
2085;21200940;11924000000
2086;7332;916000000
2087;6805;8216000000
2088;10533;3364000000
2089;35878;2416000000
2090;538895259;25020000000
2091;35937;2348000000
2092;4;0
2093;0;0
2094;16473;5964000000
2095;1;1564000000
2096;75728;1532000000
2097;19954;1956000000
2098;121585;2008000000
2099;110430;5292000000
2100;2460;99796000000
2101;307859;2140000000
2102;10779;2288000000
2103;42092;9396000000
2104;586387136;35592000000
2105;5785063;61216000000
2106;5361;5336000000
2107;4;8000000
2108;0;167076000000
2109;3311802;60024000000
2110;1;0