\begin{filecontents}{q4-matrix.dat}
0
0
0.008
0.012
0.004
0.096
0.036
0.052
0.052
60
0.036
0.012
0.008
0.004
0.008
0.008
0.004
0
0.008
0.004
0.008
0.016
0.016
0.016
0.004
0.016
0.008
0.008
0.016
0.012
0.008
0.004
0.02
0.012
0.008
0.008
0.004
0.004
0.016
0.004
0.008
0.012
0.016
0.004
0.012
0.008
0.008
0.008
0.008
0.004
0.008
0
0.008
0.008
0.012
0
0.016
0.012
60
0.016
0.012
0.008
0.004
0.008
0.012
0.016
0.004
0.004
0.012
0.008
0.008
0.016
0.008
0
0.012
0.012
0.008
60
6.556
0.012
0.008
0.004
60
0.008
0.008
0.012
0.012
0.004
0.088
0.008
58.04
60
0.004
60
0.012
0.004
0.008
0.008
\end{filecontents}