\begin{filecontents}{q1-matrix.dat}
6.564
5.608
5.976
4.468
0.42
0.54
1.508
2.548
0.044
27.256
1.832
8.644
0.232
18.344
4.54
6.264
6.74
3.488
3.872
0.32
2.528
3.956
0.964
7.684
0.212
10.176
0.568
11.484
0.06
0.112
0.424
1.872
11.248
1.316
0.652
4.704
14.972
0.96
1.884
0.9
0.336
3.964
11.82
0.272
5.42
0.752
4.568
3.668
4.144
3.328
0.016
0.132
5.044
0.98
5.5
1.812
2.748
1.756
2.916
0.284
4.056
10.86
2.98
0.068
9.984
0.128
1.584
2.32
3.748
19.36
1.36
11.336
40.636
0.464
5.088
17.54
1.252
3.74
0.812
5.384
2.704
0.516
0.088
4.172
0.244
15.284
0.396
0.008
0.544
0.192
6.56
0.08
0.484
15.224
4.792
2.784
0.356
0.268
3.028
0.54
9.588
8.848
0.352
0.008
0.004
3.488
1.42
10.512
12.192
9.32
0.044
0.212
0.644
1.448
60
4.312
0.14
0.288
0.384
1.412
0.48
1.324
48.516
0.012
15.804
30.584
7.364
35.224
14.204
22.688
7.572
0
0
1.14
1.152
5.348
0.948
1.456
1.324
0.212
0.256
14.196
4.256
32.26
13.6
22.812
31.964
13.432
12.072
0.636
1
0.212
34.912
35.28
48.84
18.344
10.528
0.496
48.82
10.416
8.596
0.18
0.568
0.08
1.268
35.364
1.324
0.032
1.476
14.604
3.808
4.012
8.688
0.404
0.336
0.076
0.304
0.64
60
1.992
3.508
4.392
0.116
0.78
3.816
0.092
6
33.316
3.256
1.596
60
2.084
2.756
1.776
0.716
3.336
0.24
0.028
1.124
0.136
2.932
1.684
2.332
7.464
2.5
0.008
21.776
3.756
1.172
0.136
2.104
37.152
2.144
3.732
1.52
3.9
1.324
0.076
5.64
60
0.592
0.868
0.352
2.7
8.768
2.744
4.576
0.04
3.504
6.592
0.132
1.556
0.092
1.584
1.088
4.312
8.916
3.828
5.064
2.012
1.112
3.076
0.824
0.1
0.088
0.048
0.004
0.008
0.016
0.004
0.456
0.676
0.12
0.816
48.864
54.044
0.668
0.104
0.036
0.368
0.032
0.02
0.616
1.864
0.056
2.052
0.184
2.412
6.296
0.012
6.564
6.4
1.752
0.004
0.004
4.612
0.248
0.272
4.104
0.324
8.184
0.42
0.172
13.264
0.056
0
1.252
0.6
11.816
2.128
0.004
0.064
0.24
0.356
6.936
0.196
0.012
0.432
0.024
0.852
1.552
0.076
0.588
5.492
0.184
0.36
0.028
0.34
0.152
0.188
1.104
0.348
3.944
0.084
0.008
4.16
8.036
1.22
1.384
3.656
0.176
0.16
0.824
8.144
8.4
0.24
0.132
0.944
2.24
0.04
0.036
60
0.048
0.224
0.016
0.004
1.528
0.032
4.916
8.5
0.608
0.28
0.028
0.008
1.06
9.064
2.304
15.316
2.164
0.088
60
3.584
0.076
1.352
0.032
1.06
15.024
0
0.024
0.152
1.364
0.46
1.82
0
0.076
0.168
0.176
1.228
0.508
9.748
0.48
3.712
4.032
0.052
0.024
0.188
0.02
0.056
0.088
1.092
20.964
5.132
0.06
16.968
1.176
60
0.376
23.388
0.4
60
1.388
0.068
0.712
0.124
0.184
5.288
1.084
0.596
0.18
0.084
60
51.52
0.04
0.196
2.648
1.62
0.052
0.324
0.092
7.596
0.504
0.656
0.024
0.132
0.024
10.448
1.368
9.516
0.204
2.036
3.952
0.004
1.168
0.032
0.012
8.9
0.572
6.992
1.056
6.268
19.524
0.036
0.488
0.008
0.008
1.06
1.78
0.608
1.048
0.032
0.408
24.728
0.256
4.588
1.984
2.348
1.532
5.292
2.14
9.396
\end{filecontents}