\begin{filecontents}{q5-matrix.dat}
0.056
0.056
0.012
0.02
0.016
0.06
0.004
0.016
0.004
0.036
0.02
0.02
0.032
0.016
0.012
0.024
0.02
0.024
0.004
0.028
0.024
0.02
0.036
0.008
0.008
0.012
0
0.032
0.004
0.004
0.004
0.004
0.008
0.012
0.004
0.008
0.008
0.008
0.008
0.008
0.004
0.012
0.008
0.008
0.004
0.008
0.016
0.012
0.004
0.008
0.008
0.004
0.012
0.008
0.004
0.004
0.008
0.012
0.008
0.008
0.012
0.012
0.004
0.012
0.004
0.008
0.008
0.004
0.008
0.056
0.008
0.012
0.004
0.004
0.004
0.004
0.008
0.012
0.008
0.004
0.008
0.004
0.008
0
0
0
0.148
0.004
0.008
0.008
0.004
0.004
3.364
0
5.964
\end{filecontents}