6.564
0.016
47.704
2.72
3.304
0.34
17.988
5.608
5.976
4.468
0.064
1.392
0.42
0.54
0
1.552
1.508
15.352
2.548
9.972
11.604
0.044
22.84
27.256
2.9
1.832
2.424
8.644
3.084
0.312
1.5
10.16
7.376
0.232
0.048
18.344
4.54
6.264
6.74
3.488
11.912
13.636
0.248
0.024
0.008
3.872
11.632
4.98
0.32
3.332
2.528
60
0
1.068
1.656
0.124
0.26
0.008
0.012
1.824
0.004
3.956
0.04
0.964
7.684
4.112
0.348
0.212
60
0.004
10.176
0.568
11.484
1.524
0.06
5.488
0.112
8.012
0.424
1.872
8.504
0.928
11.248
38.072
17.3
1.152
2.104
10.688
60
1.316
0.652
0.532
0.004
0.38
7.596
0.012
3.728
0.004
4.704
8.744
3.832
0.336
14.972
0.96
40.944
1.884
0.9
0.336
60
0.42
1.148
3.604
5.532
1.064
3.964
2.676
11.82
15.86
0.436
15.828
1.156
0.272
0.752
5.42
0.752
4.568
1.42
3.668
0.68
4.144
0.088
3.328
1.884
10.86
1.528
0.764
5.72
0.48
1.992
10.812
6.692
2.868
0.064
0.016
3.472
0.016
0.132
2.72
5.044
0.224
0.516
0.98
0.096
1.528
5.5
1.812
2.748
2.592
1.756
16.848
2.916
0.284
4.056
10.86
2.98
2.468
21.776
4.556
0.068
0.728
9.984
0.128
1.584
0.616
35.468
35.884
1.452
60
2.32
1.632
12.008
3.748
19.36
1.36
11.336
40.636
0.464
5.088
17.54
1.252
3.74
28.756
18.576
0.812
0.06
7.284
36.4
6.928
5.384
28.984
19.224
2.704
0.516
60
0
0
6.092
21.72
0
0.088
0.42
0
10.66
4.172
0.244
0.04
21.828
15.284
0.104
12.072
13.476
0.072
0.184
32.256
3.756
22.128
3.84
0.056
0.056
1.44
0.396
0.008
60
0.036
0.052
5.004
0.544
0.212
37.384
0.192
1.012
6.56
0.08
2.136
0.492
0.348
0.244
0.484
15.224
57.084
3.904
8.144
8.1
0.192
0.112
4.792
0.608
1.82
5.556
2.888
0.46
0
0.104
0.024
0.02
30.244
9.436
0.044
0.06
13.764
8.456
2.784
0.356
2.08
1.928
0.268
0.58
0.492
1.524
3.224
3.028
1.032
8.064
0.54
5.1
0.324
9.588
8.848
4.984
7.884
0.356
0.352
10.204
0.012
0.628
1.676
7.348
0.008
0.004
3.488
1.42
0.152
6.028
0.064
0.688
0.044
0.256
0.048
0.34
0.064
10.512
12.192
22.452
17.396
9.32
0.044
60
35.968
25.36
4.628
4.344
12.832
60
0.06
0.172
0.196
14.524
0.688
0.212
0.644
1.448
60
60
4.312
6.016
0.02
0.14
0.288
13.096
0.384
0.988
0.008
0.012
0.02
0.14
0.124
0.12
0.136
1.412
60
60
60
60
0.48
1.324
48.516
0.012
15.804
30.584
7.364
35.224
14.204
22.688
7.572
0.448
0
0
1.14
3.148
6.4
1.332
1.152
49.464
0.792
2.456
0.052
5.348
4.876
0.416
0.496
0.928
0.504
0.704
0.356
5.036
0.948
1.456
1.324
0.028
0.212
0.256
14.196
4.256
32.26
13.6
22.812
31.964
5.136
1.028
13.432
12.072
0.636
1
0.212
0.432
0.02
0.072
34.912
35.28
11.784
48.84
18.344
0.724
1.144
0.184
10.528
0.496
48.82
10.416
8.596
23.328
16.62
35.356
24.724
6.676
0.18
1.72
1.588
0.212
0.536
15.748
0.568
0.08
1.672
7.008
0.008
1.268
35.364
1.324
1.908
60
60
0.032
1.324
0.588
4.296
24.936
1.476
3.86
5.652
2.484
14.604
3.516
26.46
0.14
4.44
0.008
4.436
3.808
20.584
0.408
4.012
8.688
0.016
0.404
1.16
0.336
0.056
30.608
0.676
7.852
0.076
0.304
0.244
0.24
6.18
0.64
0.48
2.612
60
2.14
0
1.944
8.54
0.452
0.008
0.004
0.88
0.02
3.96
27.296
2.128
1.992
0.24
3.508
4.392
0.408
0.364
0.38
0.804
1.316
0.136
1.584
1.396
0.116
0.78
1.5
60
15.668
3.816
4.156
0.632
60
0.132
0.092
0.08
8.004
8.452
6
58.488
33.316
3.256
1.952
11.876
1.112
1.596
60
0.076
37.46
2.084
2.756
1.776
0.716
0
0.036
9.576
11.456
0.08
15.14
1.708
3.336
7.744
1.016
5.368
3.436
0.06
5.68
9.404
5.124
23.012
0.24
3.716
0.028
4.12
18.604
0.9
6.772
0.412
6.512
0.032
1.124
0.136
2.932
1.684
2.332
0.556
7.464
2.5
0.008
6.156
3.692
0
0.684
0.996
21.776
3.756
1.172
1.116
7.36
7.62
0.136
60
2.104
39.336
0.384
7.008
8.288
6.16
2.48
2.628
37.152
2.144
3.732
7.724
0.272
0.476
0.008
1.52
3.684
3.9
1.324
0.076
5.64
3.164
60
0.004
0.584
0.016
0.592
0.004
5.252
0.012
0.824
0.408
4.86
0.008
0.004
0.636
0.008
0.008
0.004
0
0.868
0.008
0.036
0.116
0.004
0.008
0.016
0.016
0.016
0.004
0.02
0.02
0.016
0.008
0.008
0.016
0.212
0.012
0.008
0.004
0.02
0.048
0.156
0.012
0.008
0.016
0.008
0.004
0.004
0.016
0.004
0.412
0.008
0.012
0.016
0.004
0.012
4.904
0.008
0.008
0.008
0.12
0.008
0.004
0.032
0.008
0.352
0
0.176
0.008
0.008
0.012
0
0.016
0.012
0.768
6.46
1.372
0.016
0.012
2.7
0.024
0.02
0.024
0.004
0.028
0.024
8.768
0.02
0.036
0.572
6.208
2.744
47.492
0.684
8.096
0.848
4.884
0.008
4.576
9.7
6.94
16.208
0.124
11.592
0.04
3.504
6.592
5.576
0.132
1.556
0.74
0.612
10.844
0.904
37.84
1.328
0.664
0
25.048
0.092
1.584
1.088
4.748
0.572
4.312
0.008
5.976
8.916
3.828
26.852
5.064
2.012
1.112
3.076
0.824
0.1
0.088
0.048
0.004
0.008
0.016
0.004
27.2
0.456
0.532
0.676
9.596
60
60
8.996
0.12
0.816
0.012
0
60
1.276
0.024
1.264
0.032
0.152
0.016
0.012
0.284
0.004
0.008
10.324
4.928
4.168
0.444
5.548
5.444
11.704
0.008
0.004
0.004
0.004
0.008
0.012
0.004
0.008
0.008
0.008
0.008
48.864
10.784
54.044
0.008
0.008
0.004
0.012
0.008
0.668
0.104
0.008
0.576
0.004
4.516
2.84
4.384
0.036
0.368
0.004
0.032
0.02
0.616
0.008
0.424
0.288
0
8.34
3.068
0.016
0.012
0.004
0.036
0
1.864
34.484
60
0.008
0.008
0.004
0.056
0.096
0.784
0
0
2.052
1.6
21.98
3.892
23.208
23.868
0.184
18.672
0
60
0
2.412
0.012
20.864
0.008
0.004
0
0
0
6.296
2.356
4.652
0.012
0.004
6.564
6.4
0.024
0.008
0.012
1.752
5.472
5.22
6.092
0.308
60
60
0.004
0.004
1.528
4.612
0.248
0.272
4.104
0.324
0.008
36.208
36.176
0.008
8.184
0.036
0.004
0.42
0.172
13.264
8.588
0.056
0
1.252
0.004
0.6
0.012
0.012
11.816
2.128
0.004
0.064
0.24
0.004
0.356
0.032
0.632
0.156
6.936
0.196
0.012
0.012
0.432
0.028
26.344
0.012
0.008
0.024
0.852
1.552
0.52
0.076
0.588
5.492
0.184
4.508
0.36
6.136
1.564
3.688
1.464
0.004
1.936
0.056
0.028
0.068
1.144
40.1
10.252
2.408
1.596
0.008
0.028
0.34
0.48
0.152
0.188
1.104
0.348
3.944
0.084
0.148
0.032
0.12
0.076
7.708
3.104
0.008
0.06
0.008
0.012
0.024
0.02
0.1
0.084
0.008
25.292
20.22
4.16
0.016
0
0.08
16.66
0.016
8.036
1.22
1.384
3.656
0.176
0.16
0.824
8.144
8.4
0.24
0.132
0.236
0.004
0.944
2.24
0.016
0.04
0.036
0.008
0.348
0.004
0.004
55.796
7.512
49.888
60
0.012
0.008
7.628
18.516
22.024
34.756
7.276
0
0
0
4.956
0
0.048
0.224
0.008
2.084
0.056
7.98
2.228
14.628
0.008
0.38
0.016
0.004
6.948
1.528
0
0
0
0
8.604
0
0
0
15.252
0.032
4.916
0
0.112
0.22
0.012
8.5
1.2
0.616
0.504
0.404
0.608
0.28
0.028
0.008
1.06
0.008
9.064
0.004
1.472
14.816
2.928
0.764
2.304
0.016
0.008
1.592
3.856
15.316
2.164
1.172
0.088
60
0.016
60
3.584
0.076
1.352
10.292
0.004
0.004
0.008
0.352
0.032
4.712
0.004
0.364
0
8.404
1.06
2.292
15.024
14.624
0.208
0.004
0
0.652
24.416
0.472
1.724
0.504
1.34
0.704
1.96
0.824
0.012
0.024
4.06
55.012
0
0
0
0
0
0
0
0.004
9.772
0.152
0.012
0.008
0.008
23.076
1.364
60
2.812
0.46
6.556
0.24
1.82
2.296
0.028
0
0.076
0.352
0.168
12.32
4.492
0.176
1.228
10.324
20.172
0.468
0.508
2.676
4.112
1.48
0
0
4.86
1.556
4.2
60
60
4.596
1.26
1.768
2.016
0.112
0.124
0
0
60
60
60
60
0.192
0.112
3.768
2.152
2.036
22.956
9.748
0.012
3.368
0.012
0
0
0.704
0.264
0.172
0.116
0.016
0.48
1.484
4.8
60
7.904
3.712
3.724
0.488
5.856
4.032
2.604
0.564
0.004
0.004
0.016
0.012
3.072
3.984
27.6
25.78
25.628
3.296
60
58.732
0.052
6.772
1.436
0.008
0.28
0.008
0.004
0.024
0.108
60
0.004
0.188
0.02
0.056
1.372
0.088
0.008
0.008
1.092
0.004
20.964
2.336
5.132
0.004
0.008
0.008
0.852
51.772
0.008
0.004
1.252
13.104
7.412
10.308
0.06
57.844
58.288
16.968
34.52
1.176
3.112
60
0.376
0.004
11.188
17.752
0.012
0.012
0.004
23.388
0.088
0.008
0.736
0.092
0.148
3.016
16.868
60
60
60
60
60
60
60
60
60
60
60
60
60
60
60
60
60
60
60
60
60
60
60
60
60
60
60
60
19.808
60
60
0.668
0.4
2.796
1.288
1.64
9.064
4.54
0.26
5.424
0.008
0
60
4.34
1.388
1.02
2.044
50.692
51.604
0.52
0.056
0
0
0.068
0
0
0
0.004
13.316
0.712
0.124
0.428
1.972
3.004
0.068
0.092
0.184
5.288
1.084
0.596
2.604
2.5
0.18
0.592
0.004
0.184
0.216
0.572
0
0.916
1.876
0.952
8.58
0.072
0.564
3.328
1.656
0.084
60
0.008
6.056
51.52
9.792
0
60
27.28
27.272
3.732
1.548
0.04
0.196
58.04
57.324
60
60
1.864
2.648
2.096
1.62
0.052
0.148
0.324
8.288
0.092
0.004
0.036
13.552
36.976
7.596
0.004
0.508
0.504
0.656
0.024
0.196
0.132
0.008
0.008
1.72
4.18
60
60
1.04
0.024
25.284
16.636
1.7
0.524
10.448
1.368
0.068
0.524
0.016
9.516
0.204
0.78
2.036
5.264
3.952
0.004
1.168
0.012
0.032
0.004
1.092
1.452
2.792
0.012
0.44
0
0.7
3.308
60
6.096
24.54
8.9
60
0.004
0.572
6.992
0.364
7.496
2.18
1.172
4.996
0.004
1.056
4.812
6.268
5.928
19.524
1.936
1.292
0.036
36.48
3.016
0.16
0.488
0.856
0.008
0.008
0.008
10.412
1.06
2.508
0.004
1.78
0.608
1.048
18.42
0.176
0.388
0.032
4.764
0.408
24.292
4.252
0.42
3.972
3.372
2.428
0.052
47.6
47.76
0.48
24.728
0.256
0.432
0.336
0
4.588
3.152
12.588
2.056
1.984
0.916
8.216
3.364
2.416
2.348
0
5.964
1.532
1.956
2.008
5.292
60
2.14
2.288
9.396
5.336
0.008
