\begin{filecontents}{q3-matrix.dat}
9.972
0.312
1.5
10.16
11.912
13.636
60
15.86
0.436
15.828
0.68
1.528
10.812
2.72
0.224
60
28.756
36.4
6.928
12.072
13.476
1.928
3.224
5.1
4.984
10.204
25.36
4.628
4.344
0.06
13.096
1.332
4.876
0.028
1.144
3.516
26.46
0.14
6.18
0.804
9.576
11.456
1.708
7.744
1.016
5.368
3.436
3.716
6.772
0.412
6.512
3.692
1.116
39.336
0.384
7.008
8.288
6.16
2.48
3.684
5.252
0.572
10.844
8.996
10.784
8.34
1.6
5.472
0.308
1.528
7.512
49.888
6.948
0.004
0.364
8.404
2.292
9.772
0.028
4.492
2.676
4.596
1.26
0.112
1.484
3.296
1.436
2.336
57.844
58.288
34.52
11.188
0.736
0.184
6.056
25.284
16.636
1.7
0.524
24.54
5.928
1.292
0.42
0.052
0.48
0.432
2.008
\end{filecontents}