\begin{filecontents}{q5-blazegraph.dat}
0.302318
0.21733
0.141495
0.136145
0.088871
0.139028
0.089736
0.14653
0.081455
0.128655
0.135538
0.109908
0.131037
0.136818
0.107816
0.229597
0.13147
0.151583
0.0683939
0.194628
0.145075
0.151434
0.140767
0.0852201
0.110145
0.111274
0.109055
0.152617
0.104944
0.111065
0.0908229
0.107792
0.0888591
0.0947089
0.0822129
0.10739
0.0811489
0.087548
0.104948
0.082386
0.0949368
0.098958
0.0941169
0.086211
0.0945959
0.0904269
0.0920191
0.112571
0.0912869
0.100337
0.101046
0.084079
0.0822308
0.105773
0.0912499
0.0999041
0.098959
0.0873961
0.0891502
0.101188
0.0884759
0.14442
0.0862229
0.0694811
0.0823441
0.0939929
0.104856
0.083107
0.101518
0.13048
0.102243
0.0768759
0.089818
0.105566
0.0983059
0.115877
0.092494
0.0944061
0.0843501
0.074908
0.118265
0.107876
0.083154
0.0851421
0.133322
0.101666
0.157367
0.113737
0.0857129
0.0962839
0.057698
0.0804691
2.25612
0.0641239
4.20081
\end{filecontents}