\begin{filecontents}{q24-blazegraph.dat}
0.755666971
0.692841053
0.311768054
0.253908872
0.231935977
1.53098607
0.483222961
0.146296024
0.151503801
291.343768119
0.481486797
0.144403934
0.43840599
0.153318166
141.544536113
1.723926067
0.293512105
0.229754924
0.162590026
107.777167081
98.241635084
167.437797069
1.347241878
0.306690931
0.219411849
0.161497831
121.483268022
0.056612968
0.132311105
0.406630992
0.150686979
0.337715148
0.56943202
0.319362878
199.459592103
57.537442922
233.635066032
71.139253854
70.236380815
7.18185091
7.003176927
101.352238893
191.740003108
58.537085771
69.846601009
252.463147163
67.792764902
0.260460138
0.244107007
4.872586011
5.093649148
14.704297065
66.638686895
53.657741069
66.002104043
\end{filecontents}