\begin{filecontents}{q1-blazegraph.dat}
0.503152
0.123357
0.183304
0.16674
0.059052
0.0881381
0.150257
0.113365
0.10213
0.880388
0.143726
0.227204
0.101055
10.6735
0.0975549
0.856249
2.25047
0.962313
0.164861
0.0764661
0.141914
0.803819
0.085104
0.196849
0.109727
0.341828
0.119217
1.11813
0.0851281
0.140876
0.170535
0.159966
0.160719
0.790277
0.237785
0.440342
1.55381
0.113669
0.167439
0.144017
0.0854099
0.529751
0.39748
0.0802219
0.200286
0.103442
0.153474
0.0851378
0.091984
0.106163
0.038692
0.058681
0.154058
0.095294
0.961971
0.143116
0.109836
0.074419
0.107279
0.101483
0.102902
0.109351
0.147373
0.157711
0.758767
0.0642779
0.116339
0.838761
0.987125
2.65631
0.178798
1.90956
25.5736
0.870964
0.242657
0.961968
0.118219
0.119505
0.110847
0.281656
0.080725
0.0888469
0.066519
0.199501
0.072304
0.164488
0.760711
0.068013
0.134576
0.0720608
0.268932
0.075923
0.0911
0.782519
0.129666
0.107585
0.0821121
0.086818
0.0977309
0.090405
0.167607
0.166712
0.063066
0.067163
0.0445981
0.130151
0.0773439
0.115155
9.65792
0.62689
0.051609
0.0817051
0.0708909
0.112958
60
0.877693
0.0886629
0.0647151
0.775677
0.106109
0.106255
0.127814
36.4058
0.0510619
0.752954
21.6284
0.306858
21.2654
0.617221
0.871793
0.368392
0.048238
0.046844
0.171331
0.0701699
0.163962
0.102912
0.0900321
0.0988021
0.064198
0.0573339
0.251717
0.291089
22.1815
0.709391
0.881619
9.66492
0.700468
0.475445
0.0778861
0.124646
0.084902
20.4629
20.7074
35.1204
9.34536
0.246706
0.11993
35.2607
12.2305
0.627206
0.0870221
0.0734408
0.0520599
0.0834141
21.3719
0.0961511
0.211401
0.100065
1.05679
0.206239
0.131491
0.206098
0.078012
0.0757051
0.0520148
0.0903111
0.130759
60
0.101313
0.12178
0.210266
0.060847
0.0688121
0.113561
0.0792012
0.10244
2.13534
0.10916
0.104159
60
0.130174
0.351657
0.151374
0.0747409
0.164759
0.0973768
0.054904
0.136667
0.0830669
0.153816
0.109409
0.380067
0.152271
0.102183
0.0740108
0.974078
0.115701
0.112712
0.0573401
0.86751
9.1329
0.097527
0.121656
0.123368
0.196711
0.052886
0.079931
0.138043
29.4642
0.081181
0.091567
0.0716572
0.635974
1.20961
0.202231
0.0974741
0.050529
0.212663
0.11319
0.0657949
0.135019
0.154438
0.205287
0.144215
0.162923
0.257539
0.128755
0.134136
0.0983112
0.0662169
0.088851
0.082391
0.0590429
0.051419
0.0508978
0.049232
0.0508749
0.061558
0.055042
0.0839758
0.0643539
0.118247
0.120446
5.85236
11.7086
0.104874
0.059865
0.0671849
0.110673
0.070246
0.095938
0.183108
0.750548
0.0716591
0.09835
0.0801978
0.117697
0.318981
0.0618629
0.153355
0.125278
0.116755
0.698825
0.080369
11.8415
0.092499
0.089577
0.167197
0.0936341
0.266765
0.0855441
0.084815
0.669029
0.0824921
0.056922
0.101126
0.112766
15.4732
0.111299
0.0562961
0.065259
0.078949
0.073411
0.211608
0.0637088
0.047667
0.0843351
0.0519412
0.0894959
0.0991821
0.103076
0.133146
0.211884
0.0816619
0.080992
0.065598
0.0944409
0.070812
0.0631518
0.107278
0.0586572
0.146906
0.086761
0.0753839
0.206324
0.288056
0.108309
0.122899
0.150035
0.089035
0.0631409
0.112205
0.178581
0.152581
0.074218
0.0795739
0.292358
0.085901
0.0706072
0.0707462
60
0.104841
0.122945
0.0569341
0.066381
0.10137
0.0504739
0.208821
0.326517
0.0690072
0.103217
0.069571
0.06042
0.0976799
0.160797
0.109553
2.76823
0.108925
0.0604222
60
0.184874
0.0805049
0.221261
0.04635
0.0655501
9.88772
0.0483859
0.0722699
0.062124
0.0855949
0.108823
0.829132
0.07546
0.0970969
0.064116
0.0727189
0.0956511
0.11608
1.16688
0.0935171
0.193004
0.171344
0.0794249
0.056293
0.187621
0.0678031
0.0891988
0.087501
0.119978
10.8762
0.119215
0.050354
3.16535
0.732503
60
0.0949769
1.67554
0.044457
60
0.165618
0.738322
0.103834
0.06563
0.0625291
0.986569
0.111807
0.095355
0.0683148
0.0573969
60
6.78579
0.0595539
0.0659101
0.135925
0.125914
0.0631759
0.0657992
0.0551729
1.00638
0.0803862
0.057034
0.0538149
0.0617681
0.067409
0.713892
0.102155
0.224811
0.067714
0.0871642
0.157213
0.052439
0.0676289
0.056813
0.147984
0.554958
0.0956261
0.192706
0.106265
0.285344
0.984241
0.0615339
0.0717111
0.0682762
0.072669
0.104097
0.0641429
0.087671
0.0783939
0.0470741
0.59267
4.3704
0.0703909
0.144346
0.109823
0.288847
0.0933111
0.136906
0.774284
0.293435
\end{filecontents}