\begin{filecontents}{q22-blazegraph.dat}
4.59019
0.129322
0.210614
0.610135
7.42977
0.104271
1.51813
0.408138
0.641989
0.111499
60
0.132187
0.033272
0.061533
0.208443
1.34447
0.222871
0.0660989
0.32283
0.102209
0.142198
0.130498
0.127152
0.188712
0.19643
0.179437
0.166978
0.027487
0.46992
23.5078
0.855249
1.04656
0.095546
0.0392039
0.0336921
0.031702
0.0777869
60
0.063766
0.046458
0.0333841
6.34414
60
0.681869
0.0571699
0.0912881
0.0553319
60
0.0251949
0.029619
60
0.059248
1.58128
0.393751
0.0804801
0.068665
0.0937619
0.148002
0.10507
0.028455
0.247946
0.023294
0.857973
60
0.935342
0.0378411
60
60
1.02379
0.820057
0.05073
0.284789
0.0571718
0.105088
1.06209
0.196787
0.136029
0.0240281
0.126212
0.0661759
36.3161
0.0298991
6.56606
0.0262399
2.55722
0.442978
42.12
0.0673781
0.055948
15.3143
0.156233
2.24732
0.381434
1.00998
0.323169
0.290528
0.288026
0.101758
0.241981
2.1212
0.873137
1.99149
0.96171
60
60
1.02067
0.855734
0.124833
0.126804
1.82115
0.854813
60
60
60
60
2.97806
0.958992
4.02258
60
0.098913
0.049485
0.274761
0.068475
0.0707281
0.282338
29.9649
0.0925691
1.06001
60
53.7998
53.2069
0.042429
0.247682
0.153581
60
0.553788
4.20654
0.163291
0.054595
0.166867
0.653055
7.57189
0.188783
20.7662
0.546697
0.730118
0.079941
0.178315
0.139454
60
60
0.204795
0.0498312
0.0502381
0.0305462
0.988376
60
0.0821159
\end{filecontents}