\begin{filecontents}{q6-blazegraph.dat}
0.0291998
0.0373628
0.027096
0.700311
0.0284028
0.0353241
0.042758
0.019475
0.033679
0.178084
0.03737
0.0377071
0.022378
0.0192888
0.028336
0.023632
0.0254951
0.063096
0.029458
0.207846
0.675067
0.032546
0.0621951
0.041558
0.0313599
0.0206361
0.0248599
0.028285
0.0653541
0.132301
0.0376959
0.037493
0.0287058
0.038753
0.12772
0.0254309
0.043628
0.029202
0.0256178
0.0232549
0.043942
0.037662
0.0321419
0.688893
0.0265961
0.040834
0.02142
0.0264161
\end{filecontents}