\begin{filecontents}{q2-blazegraph.dat}
0.062109
13.9883
1.10624
0.390435
0.106189
0.0690501
0.101418
0.379502
1.49967
1.73151
4.66165
0.124703
0.230698
0.167675
0.408455
0.0888109
0.091996
0.0631931
0.04772
4.1148
1.70569
0.488969
0.17632
0.181915
0.0847239
0.105091
0.0752828
0.12058
0.262834
0.100594
60
0.137508
0.650097
12.1623
1.51188
0.812581
7.82072
5.32291
0.166434
2.592
60
0.306445
0.0645311
0.109769
1.54257
0.0810931
0.626296
0.125185
1.04343
0.379923
2.13177
6.44635
0.884467
0.766664
0.184667
0.183635
4.19866
0.935723
0.14416
0.176287
1.4492
0.089416
0.340037
0.0893531
0.236447
0.534913
0.211105
0.0697331
0.0672729
0.14214
0.0919418
0.185555
0.181359
3.10296
11.9235
0.580377
0.0999992
0.179056
3.22988
2.57187
0.0732369
1.96159
60
0.597045
0.808151
24.7067
0.057158
0.0481091
1.37695
0.436863
0.106451
0.113276
9.0266
0.261798
3.28453
0.196196
0.156128
0.138153
0.136771
0.0820081
0.061713
0.0663018
0.354485
0.748302
0.0897179
0.118865
0.0548511
5.36688
0.0690751
0.0608389
1.225
0.168138
0.532877
0.0781791
1.37953
0.14053
0.07269
0.138883
0.111753
0.923789
0.385281
0.986123
0.0587029
0.134277
0.0574181
0.105384
0.070231
0.0891271
0.0593591
2.48833
5.33616
31.3912
7.67971
0.150431
3.54302
0.079704
0.254238
0.0714819
0.0863881
11.2954
0.0765669
0.182501
0.064774
0.07901
0.0775809
0.0643611
0.0695269
0.0619211
0.100612
0.0756059
0.0723031
9.76983
0.858581
0.0986779
21.8374
1.73641
34.5551
11.3503
12.8108
0.469341
0.551754
0.098274
0.976889
0.097512
0.340135
0.045707
0.0570741
46.1106
0.277263
0.274834
0.292807
1.65121
0.071959
6.81602
0.111378
0.11052
0.0908148
4.32895
0.0999708
0.048898
0.0974939
0.131736
0.258491
0.0708139
1.39352
2.52761
0.150121
0.100091
0.788396
0.187915
0.179467
0.36597
0.0753319
0.169475
0.168106
0.0948059
0.390557
0.915975
0.731988
3.3778
1.17139
17.9784
0.130917
0.719016
2.70544
0.423528
3.16577
0.138745
0.10912
1.31651
0.12872
0.063683
1.07311
0.0997991
0.107998
0.0533628
0.240934
0.124379
0.109477
0.113958
0.111846
0.0750999
0.107882
0.085134
0.0783951
0.057894
0.0894589
0.0787821
0.0682909
0.900304
0.698537
16.4168
0.129049
0.673068
0.134462
0.403484
1.07435
0.724994
2.90589
0.0914681
1.4518
0.333835
0.110788
0.165292
0.769685
0.096442
0.95771
60
0.296321
0.093751
0.101014
0.112994
1.96166
0.470453
0.365841
0.0893002
0.119374
0.075289
0.065882
2.82068
0.39134
0.243797
0.064585
0.059093
3.26865
0.107743
0.352931
0.0828772
0.111621
5.27215
0.059531
0.748162
0.367776
0.070323
0.246205
0.0851321
0.0812869
0.0837379
0.147585
27.3996
1.53014
0.251965
0.187471
0.153937
0.0942469
0.113312
0.107625
0.235969
0.101812
0.095891
0.106873
0.129886
0.0547819
0.04057
0.086843
0.0861351
0.095278
0.088361
11.1434
22.8052
34.3755
0.179924
1.29709
0.580384
0.327167
0.129576
0.083735
0.282054
0.224115
0.0998881
0.186097
0.670693
0.0755281
0.0753748
0.103018
0.822431
0.089299
4.07295
0.625499
0.963519
0.328389
0.291419
0.117773
0.742447
0.639379
0.846773
1.9768
0.949171
0.193506
0.119259
0.641275
8.58408
0.2562
0.1288
0.105282
0.0931959
0.075809
0.063956
1.32748
0.300095
0.061316
0.0549219
0.0695229
0.11172
0.070529
0.619915
0.23979
0.0520098
0.0652561
0.082423
0.14356
0.955862
0.958163
2.48924
1.58075
0.088706
0.0992389
31.6976
0.105868
0.167078
0.098366
1.98154
0.342326
0.215583
18.2245
17.3958
0.0801971
0.0531449
0.083056
1.95917
0.317887
0.04601
0.056828
0.6589
0.107917
0.126372
0.198012
0.18237
2.13115
0.096729
0.117521
0.381816
0.104618
39.4869
49.6694
0.153508
0.198228
0.302289
0.127309
0.0839438
0.176203
0.124874
52.7266
0.0872099
0.0708611
0.0897901
0.046412
0.062438
0.157892
0.94158
0.0881801
0.0468731
0.313107
0.336768
0.176555
0.0943038
1.23908
3.78733
1.02899
0.0737591
0.0769448
0.331146
0.155427
0.195219
0.044019
0.200044
3.29661
0.085269
0.976793
0.742146
0.22109
\end{filecontents}