\begin{filecontents}{q4-blazegraph.dat}
0.636475
0.162273
0.113847
0.146513
0.648635
0.512721
0.841932
0.273035
0.16213
60
0.161769
0.091661
0.104323
0.128269
0.089802
0.102209
0.0914261
0.102671
0.10377
0.0889881
0.118779
0.103215
0.102057
0.101136
0.085772
0.102518
0.0922351
0.0927532
0.101307
0.100628
0.101877
0.099046
0.0905218
0.0964301
0.0918911
0.102254
0.099236
0.147557
0.0914469
0.108858
0.0931909
0.101757
0.101165
0.0902579
0.100526
0.0891912
0.100792
0.089869
0.102897
0.094146
0.0896709
0.075083
0.091399
0.100562
0.090394
0.107393
0.0921819
0.0896809
60
0.0905762
0.0982668
0.0987041
0.105495
0.107156
0.098033
0.098691
0.114693
0.0522981
0.15139
0.112543
0.092567
0.114896
0.0822749
0.051734
0.092808
0.0810139
0.113285
60
4.81976
0.674938
0.100438
0.0579801
60
0.0864661
0.097132
0.108349
0.102963
0.0583341
0.215804
0.106954
52.234
56.5829
0.0667791
59.332
0.085012
0.660807
0.111037
0.091126
\end{filecontents}