\begin{filecontents}{q3-blazegraph.dat}
0.883595
0.090312
0.145089
6.44032
3.18669
6.77502
60
23.7936
0.134388
22.4247
0.12536
0.188114
16.8412
0.225841
0.062638
60
5.74183
12.7392
1.764
19.344
30.529
1.19283
0.626094
0.430945
0.729882
2.11687
7.8237
0.852713
0.751075
0.507681
2.9959
0.167708
0.425145
0.0823359
0.165165
0.397842
11.5374
0.107519
0.645479
0.499511
1.57015
2.63963
0.214833
11.0828
0.146607
10.7976
13.787
0.416141
1.08477
0.145867
0.663607
0.365639
0.299897
16.7861
0.147805
0.689261
0.978087
0.68798
0.2115
0.38207
1.04873
0.140792
1.02069
2.64795
2.63003
1.21767
0.301974
1.13498
0.089396
0.639935
2.3591
26.6792
3.78324
0.057234
0.124155
0.657092
0.124752
1.10185
0.078918
0.44729
0.394188
3.94988
1.00052
0.095799
0.217217
0.292562
0.1228
0.18096
40.6195
40.0623
30.0196
1.89995
0.125977
0.212588
1.58282
4.31281
2.36986
0.191438
0.212388
28.2381
3.50445
0.315868
0.142703
0.066493
0.116289
0.107165
1.96442
\end{filecontents}